 <-> 
 <-> 
 <-> 
 <-> 
 <-> 
 <-> 
 <-> 
 <-> 
 <-> 
 <-> 
 <-> 
 <-> 
 <-> 
 <-> 
 <-> 
 <-> 
 <-> 
 <-> 
 <-> 
 <-> 
 <-> 
 <-> 
 <-> 
 <-> 
 <-> 
 <-> 
 <-> 
 <-> 
 <-> 
 <-> 
2614,1112,1186,3778,1623,3262,30612,32771,32881,31958,31484,3478,32308,30376,2722,650,3000,33511,3430,420,1832,32491,33306,31298,3066,4200,2285,3849,30450,2515,2415,3037,3775,30906,32655,1548,31383,33112,30340,30857,32588,30003,3196,31389,2214,1151,3502,2485,31715,3328,3951,3935,1151,2211,30521,2113,2866,30320,164,1573,736,31139,32640,2369,2441,30177,33028,3470,3229,31092,3819,31088,126,32101,30728,32163,126,148,2672,30029,3911,3553,1564,4517,4031,30241,3925,31059,3925,33415,1753,1778,30447,738,2552,33423,32052,3082,32486,30575,1933,33073,4479,843,241,31166,2264,30059,33467,1756,2831,2246,31151,3576,552,31602,2191,32297,31595,1335,30969,1713,32555,2536,32808,2274,33352,31042,1802,2307,3971,3077,32300,2175,32240,3992,3258,30509,2610,2017,4325,1871,916,32361,31416,365,1464, <-> 
2614,1112,1186,3778,1623,3262,3199,30612,32685,32771,32881,31958,32918,31484,31598,3478,32308,3534,30376,33305,33349,2722,650,900,3000,33511,30896,3430,420,1832,32491,33306,31237,31298,3066,1667,4200,2285,1236,30525,33472,3849,30450,2515,3037,2415,3775,30906,32655,1548,31383,30340,33112,30003,30857,33074,3196,31389,2214,31768,3006,1151,3502,2485,31715,3642,3328,3951,3935,1151,2211,30521,2113,3233,2866,30320,164,736,273,1573,31139,32640,2369,2441,30177,33028,3470,3229,31092,3819,31088,126,32101,30728,33324,32163,126,148,149,2672,30029,3911,3553,1564,2955,4517,4031,30241,31059,33415,1753,30447,1778,738,753,2552,33423,31069,3927,32052,3082,32486,30575,1933,33073,4479,241,843,31166,2264,30059,3868,33467,1756,2831,2246,31151,30017,552,31602,3710,2191,32297,31595,1335,32398,1638,30969,1713,32555,2536,32808,2274,33352,31042,31189,1802,251,2307,2519,3971,3077,32300,2175,32240,3992,3258,2003,4084,2610,30509,32300,2017,4325,1871,916,32361,31416,365,1311,1464, <-> 
