 <-> 
 <-> 
 <-> 
15060, <-> 
 <-> 
 <-> 
13471,20825,12708,17608,12024,1890,14839,19565,12024,12314,11547,5038,13706,11044,10607,11244,10954,25729,2873,11400,12329,12137,11443,12140,14202,12810,13702,12137,10656,13199,11829,13666,13891,14213,19276,12112,25749,11594,16,15261,7686,15060,24932,13680,11109,23592,14385,1386,10872,21,13764,18135,15233,14052,11007,14682,16016,13801,14984,12874,1403,14778,16379,14406,22012, <-> 
13471,20825,13171,12708,17608,14001,12024,1890,16721,19565,13814,12024,10757,12314,11547,5038,13706,11044,10607,11244,10954,11400,25729,2873,12329,12137,11443,12140,11050,14202,12810,13702,12067,12137,10656,13199,11829,13666,18810,13891,14213,19276,9756,13057,25749,12112,12664,11594,16,15261,7686,15060,24932,13680,22807,11109,23592,14385,1386,10872,21,13764,15099,18135,15233,14052,11007,14682,10803,16016,13801,25318,14984,12874,1403,12457,5062,14778,16379,11621,14406,11473,22012, <-> 25749,12112,12664,
 <-> 
 <-> 
 <-> 
 <-> 
 <-> 
 <-> 
11824,17599,13174,16391,13697,14348,14835,12994,20799,18894,19140,13816,26357,25359,13497,31250,11285,9742,28948,25828,11279,18869,14352,11361,14727,1900,26198,12493,13897,26188,29843,19589,30801,28949,19450,11598,26191,19128,14753,14544,6277,13751,24370,12526,25622,12006,13879,14890,14141,13726,14323,10891,7296,9385,12674,12474,21187,1385,33392,11191,14847,11537,14863,16011,14246,12300,11433,17361,13836,11403,11127,14496,13472,11350,23244,10701,14790,13254,26490,29,12652,13065,13511,15273,11224,13692,10721,18969,18883,24930,1367,30771,13188,25325,13008,14949,14178,11611,12887,20397,26190,12848,13361,11919,25159,11307,12807,13377,14387,11381,12505,13132,11203, <-> 13065,29,12652,13065,13511,15273,13377,14387,12807,13377,11381,14387,11381,12505,13132,
11824,17599,13174,16391,13697,14348,14835,12994,20799,18894,19140,13816,26357,25359,13497,31250,11285,9742,28948,25828,11279,18869,14352,11361,14727,1900,26198,12493,13897,26188,29843,19589,30801,28949,19450,11598,26191,19128,14753,14544,6277,13751,24370,12526,25622,12006,13879,14890,14141,13726,14323,10891,7296,9385,12674,12474,21187,1385,33392,11191,14847,11537,14863,16011,14246,12300,11433,17361,13836,11403,11127,14496,13472,11350,23244,10701,14790,13254,26490,29,12652,13065,13511,11224,15273,13692,10721,18969,18883,24930,1367,30771,13188,25325,13008,14949,14178,11611,12887,20397,26190,12848,13361,11919,25159,11307,12807,13377,14387,11381,12505,13132,11203,14695, <-> 11433,17361,13836,29,12652,13511,24930,1367,30771,1367,30771,13188,13377,14387,12505,
 <-> 
 <-> 
 <-> 
 <-> 
 <-> 
 <-> 
14695,579,12226,14011,11266,13372,101,13371,10767,11088,14820,5066,16377,17362,11990,10942,25600,12244,11020,11088,11088,25608,11257,9762,25599,312,11968,11246,11161,30312,11924,18805,26019,12289,11788,14106,12618,30776,26659,28,2393,13546,6802,1366,6291,13684,11633,18589,13002,24003,13967,14257,13874,12976,19566,11368,14336,11023,18120,12447,11373,30309,10800,13343,1368,11196,25327,21186,13786,12186,25750,12491,23603,12209,13759,12949,10951,11716,14494,11958,14417,30808,25648,13975,18002,12305,14440,32908,11878,13821,20386,6593,11513,22766,5984,14142,14932,14674,14234,21593,11411,26015,11923,13919,12248,16034,12190,14880,11657,14548,14893,461,11457,88,308,26781,15028,26662,25351,11836,12850,24942,14955,17090,16034,10704,12651,13237,13274,15005,6309,15238,71,14388,16732,10711,22008,16730,11666,10611,24375,10823,10780,19969,13376,21622,12061,12262,15216,12046,24680,10777,14657,14373,7447,11414, <-> 
 <-> 
 <-> 
 <-> 
 <-> 
 <-> 
 <-> 
 <-> 
 <-> 
 <-> 
