 <-> 
 <-> 
 <-> 
 <-> 
 <-> 
 <-> 
 <-> 
 <-> 
 <-> 
 <-> 
 <-> 
 <-> 
 <-> 
 <-> 
 <-> 
 <-> 
 <-> 
 <-> 
 <-> 
26182, <-> 
 <-> 
 <-> 
 <-> 
 <-> 
 <-> 
 <-> 
 <-> 
 <-> 
 <-> 
 <-> 
28593,23129,29528,22446,22740,28536,28525,28525,28967,29098,23769,29270,27290,28804,22389,24136,29218,29159,24570,27092,28762,28187,28398,26713,27423,28490,23920,29816,24695,26313,28438,23297,24130,25866,29358,27394,27777,27023,27168,22421,28655,28192,28335,24147,28986,28135,29112,26610,29370,25693,28090,29713,26315,26895,26563,28573,29009,29734,24767,24226,23981,28699,25400,24316,27283,28663,26475,27726,22342,27411,25821,24599,23300,22728,27214,25839,23535,23196,27451,27031,23822,29735,24434,24107,28125,28764,27555,28628,22658,26472,25840,24704,23271,24131,25078,27078,26845,23721,24547,24060,22510,27967,23294,29558,24486,27839,28824,27155,25680,27760,27888,24795,25845,27526,23162,25949,22300,25232,26523,23037,24435,28366,25193,28676,24473,24464,28104,27415,22432,27714,29093,28129,24199,28057,23759,28032,24840, <-> 
28593,29528,22740,22446,22546,28536,28967,29098,23769,29270,24724,27290,29893,28804,26711,22389,24136,29218,29159,24570,28718,27092,28762,28187,28398,26713,27423,27042,24794,25588,24895,28405,24959,28490,23920,29816,24695,26313,23297,28438,29358,24130,25866,27394,27777,27023,27168,22421,28655,28192,28335,28986,24147,28135,29112,26610,27516,29370,28090,25693,29713,26043,26895,26563,26315,29009,28573,28892,29734,24767,24226,25774,23981,28699,25400,24316,27283,28663,26475,27726,22342,27411,25821,24599,23300,26910,22728,28886,23983,27214,25839,23535,23196,27451,27031,23822,29735,24434,24107,28377,28125,27555,28764,28628,22658,26472,25840,24704,23271,24131,25078,27078,26845,23721,24547,24060,22510,27967,23294,28173,25683,29558,24486,27839,28824,27932,27171,27155,22820,25243,28359,25680,27760,27888,24795,25845,27526,23162,25949,22300,25232,24275,26523,23037,24435,25527,28366,25193,28993,23170,24473,28676,24464,28104,29075,22432,27415,29871,27714,29093,28129,24199,28057,26318,23889,23759,28032,24840, <-> 
