 <-> 
 <-> 
 <-> 
 <-> 
 <-> 
 <-> 
14421,18499,23585,11551,14284,21614,14196,12568,22362,13813,22015,11606,12098,12730,14780,14274,12029,14591,14672,12771,26652,13732,11619,14840,12886,13116,26496,16703,11452,14650,23602,11131,21608,16409,10707,31639,13304,19470,13530,19303,12939,12117,10672,14330,19576,26187,12715,14379,5060,18136,14210,10939,12679,13227,15281,13229,12269,18140,11471,29845,10881,12411,6280,20374,11011,12201,14853,14227,14957,10978,25605,11234,13848,11693,12942,15081,13138,8142,11336,11485,13203,14779,25329,10749,14260,11847,13970,13960,13485,13261,15088,31244,10769,7670,14660,11480,13554,13318,11507,12970,12462,19135,13665,1378,14248,19596,4712,13725,15286,29407,14065,1908,13212,13090,13090,11093,18306,14116,18591,18308,28063,21631,10953,11508,1359,11508,7665,930,12796,12894,13408,7650,17585, <-> 14380,22015,11606,14380,16703,11452,14380,31639,13304,14380,12117,12939,14380,14379,5060,14380,14210,10939,14380,13229,12269,14380,29845,11471,14380,14853,14227,14380,25605,11234,14380,14756,15081,14380,7670,14660,
14421,18499,23585,14552,11551,14284,21614,10873,14196,12568,22362,13813,22015,11606,12098,12730,13190,14780,14274,14365,12029,14591,11450,12771,14672,26652,13732,11619,14840,13539,17805,12886,13116,13339,19257,13784,13347,26496,16703,11452,14650,7282,23602,11131,21608,16409,10707,15086,31639,14619,13304,19470,13530,19303,12939,12117,10672,14330,24953,22357,19576,12715,26187,14379,5060,18136,6283,22781,14210,10939,10695,12679,11609,13227,11090,15281,13229,12269,18140,11471,29845,10881,12411,11011,6280,20374,12201,14853,14227,14957,20376,10978,25605,11234,10846,12942,11693,14909,14756,15081,13138,14095,8142,13630,11336,12205,11485,11751,14779,13203,25329,25166,10749,14260,11847,19261,13970,13960,13485,13261,17069,15088,31244,10769,7670,14660,11480,13554,13318,11507,12970,12351,11731,25354,12462,19135,13665,1378,14248,18785,19596,4712,13725,15286,10726,24368,1906,11563,29407,13604,11767,14065,1908,13212,14486,13090,576,13090,26018,11093,18306,82,14116,11846,13100,18591,15105,18308,13752,28063,21631,16726,10953,11508,1359,11508,7665,930,12796,12894,12154,13408,27133,7650,17585, <-> 14380,12771,14672,14380,26496,13347,14380,11452,14650,14380,14650,23602,14380,14379,5060,14380,14210,10939,14380,11011,6280,14380,10978,25605,14380,12942,11693,14380,11336,8142,14380,11485,11751,14380,14779,13203,14380,7670,14660,
 <-> 
 <-> 
 <-> 
7446, <-> 
 <-> 
 <-> 
13379,775,14939,12660,710,11989,25629,14084,22788,11677,12909,13144,14047,11298,19139,10986,11067,25316,15115,10836,13521,12115,13535,10811,12760,10657,31246,11213,17812,11866,14524,25490,13281,14540,11816,12472,1884,20375,13578,12709,14877,19290,13233,13888,7290,15059,19132,11216,14799,12677,11153,11822,12452,11748,12600,31637,11292,14653,14927,1877,15252,50,12260,26643,33105,25330,14601,13808,12312,16019,18177,8010,13625,13020,12136,12023,11030,12545,18795,22028,12095,14134,21199,10967,22026,14259,48,19980,7804,26508,17981,18129,10870,26189,11181,32669,7292,11434,11948,8149,11187,13969,13425,14431,11423,14072,11806,14223,11857,13587,31638,92,12635,11631,13780,11297,12632,1013,12975,11034,1017,25483,11025,10913,13389,18711,13581,5048,15065,15643,14013, <-> 14380,25629,11989,14380,22788,11677,14380,11298,19139,14380,10836,13521,14380,12115,13535,14380,12760,10811,14380,14524,25490,14380,13578,12709,14380,15059,19132,14380,14799,12677,14380,11748,12600,14380,1877,14927,14380,1877,15252,14380,25330,33105,14380,18177,16019,14380,18177,8010,14380,12023,12136,14380,22028,18795,14380,10967,22026,14380,18129,10870,14380,11434,11948,14380,11806,14223,14380,11297,12632,14380,1017,11034,14380,1017,25483,14380,10913,13389,14380,5048,15065,
14939,12660,710,11989,25629,14084,22788,12909,11677,13144,14047,11298,19139,10986,11067,15115,10836,13521,13535,12115,10811,12760,10657,31246,11213,17812,11866,14524,25490,13281,14540,11816,12472,1884,20375,13578,12709,14877,19290,13233,13888,7290,15059,19132,11216,14799,12677,11153,11822,12452,11748,12600,31637,11292,14653,14927,1877,15252,50,12260,26643,33105,25330,14601,13808,12312,16019,18177,8010,13625,13020,12136,12023,11030,12545,18795,22028,12095,14134,21199,10967,22026,14259,48,19980,7804,26508,17981,18129,10870,26189,11181,32669,7292,11434,11948,8149,11187,13969,13425,14431,11423,14072,11806,14223,11857,13587,31638,92,12635,11631,13780,12632,11297,1013,14118,12975,11034,1017,25483,11025,10913,13389,18711,13581,5048,15065,15643,14013, <-> 14380,12660,710,14380,12909,11677,14380,11298,19139,14380,15115,10836,14380,13535,12115,14380,17812,14524,14380,11866,25490,14380,13578,12709,14380,14877,19290,14380,14799,12677,14380,12600,31637,14380,14927,15252,14380,12260,26643,14380,26643,33105,14380,16019,8010,14380,13020,12136,14380,12095,14134,14380,10967,22026,14380,14259,48,14380,19980,7804,14380,26508,17981,14380,18129,10870,14380,17981,26189,14380,11181,32669,14380,11434,11948,14380,13969,13425,14380,13425,14431,14380,11806,14223,14380,31638,92,14380,12632,11297,14380,11034,25483,14380,10913,13389,
 <-> 
 <-> 
 <-> 
 <-> 
 <-> 
 <-> 
18392,11538,12174,10855,25904,26646,23250,30790,12109,17970,18806,13010,13001,18777,13781,11358,1387,13386,18386,12393,12001,12815,10795,27137,14542,14856,14813,12365,12064,12217,11984,26778,1025,12840,69,14343,192,13255,17809,12241,12446,12016,12924,12918,17074,11051,10863,14971,11058,26277,12738,15219,17373,12483,25502,17071,13650,11521,6285,12559,18393,15241,14303,17811,7691,12319,11579,11784,14089,17966,13559,13276,21201,15103,221,13655,229,11568,11955,13719,12039,18986,18501,22794,19289,12827,13217,5063,14996,18807,11269,1874,10946,16714,15022,13634,14062,10992,31242,11009,7306,10724,12485,12176,24011,15255,13117,25602,10957,13627,12282,16395,11615,32904,12348,13958,12763,11504,11595,13901,11605,12714,13640,26485,12759,13298,11581,18123,12339,14670,18394,15035,12778,14318,11833,17076,15224,12853,12007,30306,13089,12966,100,14191,13516,18189,18186,13679,14295,14448,12933,11706,21624,14912,12849,13875,19146,18143,13880,13657,13178,15242,16720,12055,8146,13935,12634,15269,11992,20,13608,16006,11359,12673,11997,18577,12068,12935,13846,22770,17051,1399,11431,13820,8161,12864,17589,9734,11388,14423,12027,8145,6282,11259,215,14350,12779, <-> 14380,12174,11538,14380,25904,12174,14380,12174,10855,14380,18386,13386,14380,10795,27137,14380,12365,12064,14380,15219,17373,14380,11579,12319,14380,15103,221,14380,17363,13655,14380,11955,11568,14380,18986,18501,14380,13217,19289,14380,12827,13217,14380,10992,14062,14380,16395,12282,14380,16395,11615,14380,12763,11504,14380,12759,13298,14380,30306,13089,14380,18186,13679,14380,19146,18143,14380,16006,13608,14380,16006,11359,14380,18577,12068,14380,12068,12935,14380,22770,13846,14380,1399,11431,14380,8161,13820,14380,17589,12864,14380,9734,17589,14380,12027,8145,14380,6282,11259,
18392,11538,12174,10855,25904,26646,23250,30790,12109,17970,18806,13010,13001,18777,13781,11358,1387,13386,18386,12393,12001,12815,10795,27137,14542,14856,14813,12365,12064,12217,11984,26778,1025,12840,69,14343,192,13255,17809,12241,12446,12924,12918,17074,11051,10863,14971,14689,11058,26277,12738,15219,17373,12483,25502,17071,13650,11521,6285,12559,18393,15241,14303,17811,7691,12319,11579,11784,14089,17966,13559,13276,21201,15103,221,13655,17363,229,11568,11955,13719,12039,18986,18501,22794,19289,12827,13217,5063,14996,11269,18807,1874,10946,16714,14006,13634,15022,14025,14062,10992,31242,11009,7306,10724,12485,24011,13396,15255,13117,25602,10957,13627,12282,16395,11615,32904,13958,12348,12763,11504,11595,13901,11605,12714,13640,26485,12759,13298,11581,18123,12339,14670,18394,15035,12778,14318,11833,17076,15224,12853,12007,30306,13089,12966,100,14852,14191,13516,13943,18186,13679,18189,14295,15260,14448,12933,11706,21624,14912,12849,13875,19146,18143,13880,14969,13657,8155,13178,15242,16720,12055,12640,11771,13296,8146,13935,12634,1356,15269,11992,20,13608,16006,11359,12673,11997,18577,12068,12935,13846,22770,17051,1399,11431,13820,8161,17589,9734,12864,11388,13822,14423,12027,8145,6282,215,11259,14350,12779, <-> 14380,11538,10855,14380,11538,25904,14380,30790,12109,14380,18806,13010,14380,12393,12001,14380,10795,27137,14380,12365,12064,14380,26277,12738,14380,17373,12483,14380,12483,25502,14380,11579,11784,14380,13559,13276,14380,15103,221,14380,221,13655,14380,13719,12039,14380,18986,18501,14380,22794,12827,14380,22794,13217,14380,1874,10946,14380,10946,16714,14380,16714,14006,14380,14025,14062,14380,24011,13396,14380,12759,13298,14380,12778,14318,14380,12778,11833,14380,30306,13089,14380,13516,13943,14380,13943,18186,14380,18186,13679,14380,14295,14448,14380,12849,13875,14380,12849,19146,14380,13875,18143,14380,1356,15269,14380,11359,12673,14380,18577,12068,14380,11388,13822,
11511, <-> 14380,11115,11511,
 <-> 
 <-> 
33098, <-> 14380,11511,33098,
 <-> 
 <-> 
13923,9733,12689,13494,13649,11035,11487,13854,14320,14175,25160,19457,11973,12453,14705,10620,10969,14076,17065,25609,10901,11260,12658,19314,17358,18980,13279,8167,11142,13109,14000,10923,10888,17994,11324,17357,17814,13594,10681,1901,11256,13955,18419,12191,26666,10850,12185,25340,19134,24666,13305,13013,11597,18181,25341,11115,1902,13300,11120,20813,12683,12291,74,14782,11808,11966,12408,18148,13131,7279,18174,14687,22759,11683,12073,13102,22370,12482,62,27613,7669,25645,12631,10958,12214,14119,12072,11385,643,14306,18418,20824,14580,29412,10928,10685,14617,19592,18147,13641,13180,10762,17971,13775,15079,13045,13963,14812,14767,7675,12216,14454,12525,23587,18794,12745,10972,10738,12726,34,11680,12812,706,14793,13234,14329,18157,13449,11834,18300,12607,11908,12544,10739,10783,13626,13404,26661,11695,10706,18,22360,25615,10773,11015,13675,13064,14037,12518,11884,11855,17077,219,23604,11367,14299,10733,12096,24681,14992,11584,13920,12227,11502,23604,30762,13153,26272,387,238,27140,86,14007,11182,63,1878,19313,26639,11469,12066,11254, <-> 14380,12689,13494,14380,8167,10901,14380,19314,17358,14380,14000,10923,14380,17357,11324,14380,26518,12191,14380,12191,26666,14380,13881,18181,14380,11511,1902,14380,11511,11120,14380,11511,12683,14380,11511,74,14380,11511,14782,14380,11511,11808,14380,11511,11966,14380,11511,12408,14380,11511,18148,14380,11511,13131,14380,11511,18174,14380,11511,14687,14380,11511,22759,14380,11511,11683,14380,11511,12073,14380,11511,13102,14380,11511,22370,14380,11511,62,14380,11511,7669,14380,11511,25645,14380,11511,12631,14380,11511,10958,14380,11511,12214,14380,11511,14119,14380,11511,12072,14380,11511,11385,14380,11511,643,14380,11511,14306,14380,11511,18418,14380,11511,20824,14380,11511,14580,14380,11511,29412,14380,11511,10928,14380,11511,10685,14380,11511,14617,14380,11511,19592,14380,11511,18147,14380,11511,13641,14380,11511,10762,14380,11511,13775,14380,11511,15079,14380,11511,13963,14380,11511,14812,14380,11511,14767,14380,11511,12216,14380,11511,14454,14380,11511,12525,14380,11511,23587,14380,11511,12745,14380,11511,10972,14380,11511,10738,14380,11511,34,14380,11511,11680,14380,11511,706,14380,11511,14793,14380,11511,13234,14380,11511,14329,14380,11511,18157,14380,11511,13449,14380,11511,11834,14380,11511,18300,14380,11511,12607,14380,11511,11908,14380,11511,12544,14380,11511,10739,14380,11511,13626,14380,11511,13404,14380,11511,26661,14380,11511,11695,14380,11511,10706,14380,11511,18,14380,11511,22360,14380,11511,25615,14380,11511,10773,14380,11511,11015,14380,11511,13675,14380,11511,14037,14380,11511,12518,14380,11511,11884,14380,11511,11855,14380,11511,17077,14380,11511,219,14380,11511,23604,14380,11511,11367,14380,11511,14299,14380,11511,12096,14380,11511,24681,14380,11511,14992,14380,11511,11584,14380,11511,13920,14380,11511,12227,14380,11511,11502,14380,11511,23604,14380,11511,30762,14380,11511,13153,14380,11511,26272,14380,11511,387,14380,11511,238,14380,11511,27140,14380,11511,86,14380,11511,14007,14380,11511,11182,14380,11511,63,14380,11511,1878,14380,11511,19313,14380,11511,26639,14380,11511,11469,14380,11511,12066,14380,11511,11254,
13923,9733,12689,13494,13649,13854,11035,11487,14320,14175,25160,19457,22361,11973,12453,14743,14705,10620,10617,10969,14076,25609,17065,8167,10901,11260,12658,19314,17358,18980,13279,11339,8167,11142,14000,10923,13109,10888,17994,11324,17357,17814,13594,10681,1901,11256,18419,13955,12191,26666,26518,10850,12185,25340,19134,13305,24666,13013,11597,13881,25341,18181,11115,1902,5054,11120,20813,13300,12683,74,12291,10652,14782,11808,11966,12408,18148,13131,7279,18174,14687,22759,25732,11683,12073,14368,12118,13102,22370,12482,62,27613,7669,25645,12631,10958,18886,12214,14119,12072,11385,14306,18418,14580,20824,29412,11094,10928,10685,19592,14617,18147,13641,12830,13180,10762,17971,13775,15079,13045,13963,14812,14767,7675,12216,14454,12525,23587,18794,12745,706,10972,10738,12726,34,11680,706,12812,14793,13234,14329,18298,18157,13449,11834,12607,18300,11908,13574,11185,12544,10739,10783,13626,13404,29844,26661,11695,10706,18,32372,22360,12903,13533,25615,10773,11015,13675,13064,14037,12518,11884,13365,11855,17077,12345,19975,23604,11367,14299,10733,12096,24681,18692,14992,19979,14907,11584,13920,12227,11502,23604,30762,13153,387,26272,238,27140,86,14007,10821,11182,63,19313,1878,25827,11428,13824,26639,32668,11469,12066,13415,30785,11254, <-> 14380,12689,13494,14380,10620,10617,14380,25609,17065,14380,12658,19314,14380,17358,18980,14380,18980,13279,14380,10923,13109,14380,11511,1902,14380,11511,5054,14380,11511,11120,14380,11511,12683,14380,11511,14782,14380,11511,11808,14380,11511,11966,14380,11511,12408,14380,11511,18148,14380,11511,13131,14380,11511,18174,14380,11511,14687,14380,11511,22759,14380,11511,25732,14380,11511,11683,14380,11511,12073,14380,11511,14368,14380,11511,12118,14380,11511,13102,14380,11511,22370,14380,11511,62,14380,11511,27613,14380,11511,7669,14380,11511,25645,14380,11511,12631,14380,11511,10958,14380,11511,18886,14380,11511,12214,14380,11511,14119,14380,11511,12072,14380,11511,11385,14380,11511,14306,14380,11511,18418,14380,11511,20824,14380,11511,29412,14380,11511,10928,14380,11511,10685,14380,11511,19592,14380,11511,14617,14380,11511,18147,14380,11511,13641,14380,11511,12830,14380,11511,13180,14380,11511,10762,14380,11511,17971,14380,11511,15079,14380,11511,13963,14380,11511,14812,14380,11511,14767,14380,11511,12216,14380,11511,14454,14380,11511,12525,14380,11511,18794,14380,11511,12745,14380,11511,10972,14380,11511,10738,14380,11511,12726,14380,11511,34,14380,11511,11680,14380,11511,706,14380,11511,14793,14380,11511,13234,14380,11511,14329,14380,11511,18298,14380,11511,18157,14380,11511,13449,14380,11511,11834,14380,11511,18300,14380,11511,11908,14380,11511,13574,14380,11511,11185,14380,11511,12544,14380,11511,10739,14380,11511,10783,14380,11511,13626,14380,11511,13404,14380,11511,29844,14380,11511,26661,14380,11511,11695,14380,11511,10706,14380,11511,18,14380,11511,32372,14380,11511,22360,14380,11511,12903,14380,11511,13533,14380,11511,25615,14380,11511,10773,14380,11511,11015,14380,11511,13675,14380,11511,13064,14380,11511,14037,14380,11511,12518,14380,11511,11884,14380,11511,13365,14380,11511,11855,14380,11511,17077,14380,11511,12345,14380,11511,19975,14380,11511,23604,14380,11511,11367,14380,11511,14299,14380,11511,12096,14380,11511,24681,14380,11511,14992,14380,11511,19979,14380,11511,14907,14380,11511,12227,14380,11511,11502,14380,11511,23604,14380,11511,30762,14380,11511,13153,14380,11511,26272,14380,11511,238,14380,11511,27140,14380,11511,86,14380,11511,14007,14380,11511,10821,14380,11511,11182,14380,11511,63,14380,11511,19313,14380,11511,1878,14380,11511,25827,14380,11511,11428,14380,11511,13824,14380,11511,26639,14380,11511,32668,14380,11511,11469,14380,11511,30785,14380,11511,11254,
