 <-> 
 <-> 
 <-> 
 <-> 
 <-> 
 <-> 
27240,23747,24889,29335,26867,29796,27381,23742,27244,23692,25815,23613,22435,29687,29829,24490,28424,26070,23613,28910,29017,28392,25576,28509,24307,24772,28306,28509,24328,26096,23484,25687,25664,22598,24819,27770,28059,22470,25991,28450,26920,28821,26457,26120,28450,23498,28942,26796,28024,22720,24360,23473,26579,28269,24595,23429,23798,29537,25364,29537,24865,28221,29825,28093,24418,28269,29028,25149,25458,28586,27787,27520,29387,27957,27957,27470,28625,28679,29072,27328,28149,29139,25273,27949,27589,23738,27949,25179,24306,25953,27843,25408,29609,27540,28541,22530, <-> 
28622,28521,23190,27240,23747,24889,29335,26867,24301,22414,29796,25695,27381,23742,27244,23692,25815,23613,22435,29687,29829,28424,24490,26070,23613,28910,23302,22472,29017,28392,23007,26057,25576,23886,24307,28509,24772,24082,28306,28509,24328,26096,23484,25687,25664,28021,22598,29921,24819,27770,28059,22470,25991,28450,26920,25942,28821,22411,26457,26120,28450,23498,25719,26796,28942,29117,28024,22720,24360,24585,23473,26579,28269,24595,28472,23277,23429,23798,22681,23568,29537,25364,29537,25298,22943,24865,28221,28093,29825,24418,28269,22314,26772,23569,29028,29613,26695,25149,27242,25458,26925,22456,28586,27787,27520,29387,27957,26884,27957,27314,26596,27470,28679,28625,27650,29072,26037,27328,28149,29139,26577,27211,25273,27363,27949,27589,23738,29580,27949,25179,25957,24306,27412,25953,27843,23856,25408,29609,27540,28541,27949,26451,22530, <-> 
 <-> 
 <-> 
 <-> 
 <-> 
 <-> 
 <-> 
 <-> 
 <-> 
 <-> 
 <-> 
 <-> 
 <-> 
 <-> 
 <-> 
 <-> 
 <-> 
 <-> 
 <-> 
 <-> 
29368,29541, <-> 
 <-> 
 <-> 
 <-> 
 <-> 
