15060, <-> 
 <-> 
 <-> 
15060, <-> 
 <-> 
 <-> 
13471,20825,13171,12708,17608,14001,12024,1890,14839,16721,19565,13814,12024,10757,12314,11547,5038,13706,11044,10607,11244,10954,10660,25729,2873,11400,12329,12137,11443,12140,11050,22762,14202,12810,13702,12067,12137,10656,13199,11829,13666,18810,13891,14213,11229,19276,9756,13057,12112,12664,25749,11594,16,15261,7686,15060,24932,14817,13680,22807,11109,23592,14385,13360,1386,10872,21,13764,15099,18135,15233,14052,11007,14682,10803,16016,13801,25318,14984,11448,12874,1403,14581,12457,5062,14778,16379,11621,14406,11473,22012, <-> 11794,16721,19565,11794,16721,13814,11794,11044,13706,11794,13706,11044,11794,12329,12137,11794,12140,11050,11794,11050,22762,11794,13702,12067,11794,10656,12137,11794,10656,13199,11794,13666,18810,11794,12112,12664,11794,12664,25749,11794,14385,13360,11794,21,10872,11794,15233,14052,11794,12874,11448,11794,11448,12874,
13471,20825,13171,12708,17608,14001,12024,1890,19565,16721,13814,12024,10757,12314,11547,5038,13706,11044,10607,11244,10954,11400,25729,2873,12329,12137,11443,12140,11050,14202,12810,13702,12067,12137,10656,13199,11829,13666,18810,13891,14213,11229,19276,9756,13057,25749,12112,12664,11594,16,15261,7686,15060,24932,13680,22807,11109,23592,14385,1386,10872,21,13764,15099,18135,15233,14052,11007,14682,10803,16016,13801,25318,14984,12874,1403,12457,5062,14778,16379,11621,14406,11473,22012, <-> 11794,19565,16721,11794,11400,25729,11794,11400,2873,11794,13702,12067,11794,12664,25749,11794,25749,12112,11794,15060,15261,11794,15233,14052,
 <-> 
 <-> 
 <-> 
 <-> 
 <-> 
 <-> 
11824,17599,13174,16391,13697,14348,14835,12994,20799,18894,19140,13816,26357,25359,13497,31250,11285,9742,28948,25828,11279,18869,14352,11361,14727,1900,26198,12493,13897,26188,29843,19589,30801,28949,19450,11598,26191,19128,14753,14544,6277,13751,24370,12526,25622,12006,13879,14890,14141,13726,14323,10891,7296,9385,12674,12474,21187,1385,33392,11191,11925,14847,11537,14863,16011,14246,12300,11433,17361,13836,11403,11127,14496,13472,11350,23244,10701,14790,13254,26490,29,12652,13065,13511,15273,11224,13692,10721,18969,18883,24930,1367,30771,13188,25325,13008,14949,14178,11611,12887,20397,26190,12848,13361,11919,25159,11307,12807,13377,14387,11381,12505,13132,11203, <-> 11794,12994,20799,11794,11361,14352,11794,14352,11361,11794,12493,26198,11794,26198,12493,11794,19589,29843,11794,19128,26191,11794,14544,14753,11794,14753,14544,11794,13751,24370,11794,12474,21187,11794,14847,11925,11794,11433,17361,11794,13472,14496,11794,14496,13472,11794,13065,29,11794,13065,13511,11794,1367,30771,11794,14949,13008,11794,13008,14949,11794,14178,11611,11794,11381,12505,
11824,17599,13174,16391,13697,14348,14835,12994,20799,18894,19140,13816,26357,25359,13497,31250,11285,9742,28948,25828,11279,18869,14352,11361,14727,1900,26198,12493,13897,26188,29843,19589,30801,28949,19450,11598,26191,19128,14753,14544,6277,13751,24370,12526,25622,12006,13879,14890,14141,13726,14323,10891,7296,9385,12674,12474,21187,1385,33392,11191,14847,11537,14863,16011,14246,12300,11433,17361,13836,11403,11127,14496,13472,11350,23244,10701,14790,13254,26490,29,12652,13065,13511,11224,15273,13692,10721,18969,18883,24930,1367,30771,13188,25325,13008,14949,14178,11611,12887,20397,26190,12848,13361,11919,25159,11307,12807,13377,14387,11381,12505,13132,11203,14695, <-> 11794,12994,20799,11794,20799,18894,11794,9742,28948,11794,14352,11361,11794,14727,1900,11794,26198,12493,11794,12493,13897,11794,30801,28949,11794,14753,14544,11794,13751,24370,11794,25622,12006,11794,12006,13879,11794,13879,14890,11794,12474,21187,11794,14863,16011,11794,12300,11433,11794,11433,17361,11794,11403,11127,11794,14496,13472,11794,29,12652,11794,24930,1367,11794,13008,14949,11794,14178,11611,11794,20397,26190,11794,13361,11919,11794,13377,14387,11794,13377,11381,
 <-> 
 <-> 
 <-> 
 <-> 
 <-> 
 <-> 
14695,579,12226,14011,11266,13372,101,13371,10767,11088,14820,5066,16377,17362,11990,10942,25600,11088,12244,11020,11088,28946,25608,11257,9762,25599,312,11968,11246,11161,30312,12321,11924,18805,26019,12289,11788,14106,12618,12037,30776,13700,17603,26659,28,2393,13546,14017,6802,1366,6291,13684,11633,18589,13002,24003,13967,14257,13874,12976,19566,11368,14336,11023,18120,12447,11373,30309,10800,13343,14091,1368,11196,12249,25327,21186,13786,1016,12186,11143,25750,12491,23603,12209,30768,13759,12949,10951,11716,14494,12610,11958,14556,14417,30808,25648,13632,6290,13975,18002,15068,16731,12305,13686,14440,32908,12678,14958,14725,1364,11878,12798,13821,20386,6593,23601,11513,21607,22766,5984,11963,14142,14932,1021,11620,14674,14234,15024,21593,32670,11891,11411,26015,21612,14066,14802,11923,13919,17787,16034,12248,20388,12190,14880,11657,12081,14548,11467,17093,14893,461,11457,88,308,26781,19577,15028,26662,25351,12003,11836,13323,12850,24942,14955,17090,16034,10704,11971,11200,12651,13237,13274,12313,15005,13478,6309,15238,71,14388,16732,10711,12622,22008,16730,11666,28956,10611,24375,12155,10823,10780,19969,13376,21622,15110,12061,12262,15216,12046,17804,10964,24680,10777,14657,11964,14373,7447,11414, <-> 11794,12226,14011,11794,11990,10942,11794,12244,11020,11794,11968,11246,11794,11633,18589,11794,12491,23603,11794,12209,30768,11794,12949,10951,11794,14958,14725,11794,11878,12798,11794,13821,20386,11794,6593,23601,11794,22766,5984,11794,16034,12248,11794,12190,14880,11794,11467,17093,11794,17093,14893,11794,308,26781,11794,11836,13323,11794,16034,10704,11794,16034,11971,11794,16034,11200,11794,16034,12651,11794,16034,13237,11794,16034,13274,11794,16034,15005,11794,16034,13478,11794,16034,6309,11794,16034,15238,11794,16034,71,11794,16034,14388,11794,16034,16732,11794,16034,10711,11794,16034,12622,11794,16034,16730,11794,16034,11666,11794,16034,28956,11794,16034,10611,11794,16034,24375,11794,16034,12155,11794,16034,10823,11794,16034,10780,11794,16034,19969,11794,16034,13376,11794,16034,21622,11794,16034,15110,11794,16034,12061,11794,16034,15216,11794,16034,10964,11794,16034,24680,11794,16034,10777,11794,16034,14657,11794,16034,11964,11794,16034,14373,11794,16034,7447,11794,16034,11414,
 <-> 
13044, <-> 11794,16034,13044,
 <-> 
 <-> 
 <-> 
 <-> 
 <-> 
 <-> 
 <-> 
