 <-> 
 <-> 
 <-> 
 <-> 
 <-> 
 <-> 
32705,32326,30047,32007,33037,4185,3052,31258,115,2026,3883,1153,31108,1923,2157,33043,3282,3955,31898,694,4563,723,3500,31004,372,2795,755,556,31582,1631,32119,4397,3215,31973,29985,31952,30974,30581,33377,32663,3001,324,30905,3871,30418,869,591,32595,2271,32062,3044,1626,31825,503,32127,2144,32888,32558,31027,4000,31819,1576,30499,31186,4162,33494,32271,3666,30725,2538,848,31087,31725,3623,32551,3242,1228,30990,32492,32325,31474,31143,4000,31285,1122,1439,4162,536,3851,855,1810,3694,30240,3623,4553,3099,32495,31469,3958,2850,2162,1628,31456,4214,1532,2911,4240,3979,32816,2638,4550,1576,30939,32993,32790,1622,31730,30603,845,33254,2784,31291,1695,865,31792,2982,185,1458,31161,627,1736,1546,2852,31451,3767,3703,33319,30136,32138,2832,30134,3318,4461,1296,691,31083,558,32401,2342,599,32131,30848,1783,33317,153,3457,1666,3209,1226,32943,31311,1744,3266,32631,31418,3703,32920,32146,30116,32667,4213,1329,353,3523,31337,32627,2355,31436,2917,32514,3847,32055,3310,2023,3054,33410,4193,1329,2684,4125,3711,2917,2248,31785,31393,3523,3313,2951,132,1240,3727,30114,30008,32520,917,1227,132,4552,2711,1071,31144,33004,2922,1289,2922,32292,2917,2922,32389,3045,33129,3980,30634,33406,31982,30010,1915,4350,3532,3355,31850,32850,2525,30480,595,3350,2192,3712,4021,32096,1594,290,30822,31146,3290,4217,30868,673,2510,4042,1145,1497,290,4604,4531,1985,32357,1441,33481,33466,31769,4256,32499,2190,33356,1467,3920,32147,32499,31453,33189,2180,3443,4439,3705,978,3824,1417,31309,2541,1214,32616,31366,1647,4456,30485,1977,4464,30570,32499,2724,354,4521,30197,30890,3447,31001,31488,32632,30727,2442,381,32714,29949,31345,32858,33187,33190,2524,1313,31604,2688,30498,3469,4028,31703, <-> 
32705,32326,30047,32007,33037,3052,4185,115,31258,2026,3883,1153,1923,31108,2157,3282,33043,3955,31898,694,723,4563,3500,31004,372,2795,755,556,31582,32119,1631,4397,3215,29985,31973,31952,30581,30974,33377,3001,32663,324,30905,3871,30418,869,591,32595,2271,3044,32062,1626,503,31825,32888,2144,32558,31819,4000,30499,31186,4162,33494,32271,3666,30725,2538,848,31087,31725,3623,32551,3242,1228,30990,32492,32325,4000,31474,4162,1122,31285,3851,536,855,1810,30240,3623,4553,3099,32495,31469,3958,2850,2162,1628,31456,1532,4214,2911,4240,3979,32816,4550,2638,30939,32993,32790,1622,31730,30603,845,33254,2784,31291,865,31792,2982,1458,31161,185,627,2852,1736,1546,3767,3703,33319,30136,32138,2832,30134,3318,4461,1296,691,31083,558,32401,2342,32131,599,30848,1783,33317,1226,153,1666,3209,3457,31311,32943,1744,3266,3703,32631,31418,32667,32920,32146,30116,4213,1329,353,3523,32627,2355,31436,2917,32514,3847,32055,2023,3054,33410,4193,1329,2684,4125,2917,3711,2248,31785,3523,31393,3313,2951,132,3727,30114,30008,32520,132,917,1227,4552,2711,1071,31144,33004,1289,2917,32292,32389,3045,33129,3980,30634,33406,31982,30010,1915,4350,3355,31850,2525,30480,595,3350,2192,4021,3712,32096,1594,290,30822,31146,3290,4217,30868,673,4042,2510,1145,1497,290,4604,4531,1985,32357,33481,1441,33466,31769,4256,32499,2190,33356,1467,3920,32499,32147,31453,33189,2180,4439,3443,3705,978,3824,1417,31309,2541,1214,32616,31366,1647,4456,30485,1977,4464,30570,32499,2724,4521,30197,30890,3447,31001,31488,32632,30727,2442,381,32714,29949,31345,32858,33187,2524,1313,31604,2688,30498,4028,31703, <-> 
1274, <-> 
 <-> 
 <-> 
 <-> 
 <-> 
 <-> 
 <-> 
 <-> 
 <-> 
 <-> 
 <-> 
 <-> 
 <-> 
 <-> 
 <-> 
 <-> 
 <-> 
 <-> 
 <-> 
 <-> 
 <-> 
 <-> 
 <-> 
 <-> 
