 <-> 
 <-> 
 <-> 
 <-> 
 <-> 
 <-> 
19151,14469,194,54,22786,19984,12719,10960,25741,16022,10782,12911,7667,12424,25631,10989,14867,16727,11506,18176,11617,12943,11396,13023,11036,14838,11827,11522,10734,12298,10904,12058,11063,13469,26089,13769,13522,18702,25315,12058,14555,10900,12283,18891,1192,20409,26021,10933,26362,13882,12230,6296,19309,14565,14361,16699,14370,14442,12646,11436,15013,30748,37,11415,12623,12104,13927,16711,11312,14412,20408,10839,14039,13568,7280,13863,11528,18796,15089,18803,11912,1888,14237,12,12961,13096,12585,11943,28064,12421,18887,18154,13058,11110,5692,12597,21191,15642,14977,11593,12272,16401,14005,12591,12017,13940,188,14734,13929,13648,14752,12220,18768,1880,13148,11954,26647,21616,10720,12854,13936,32018,14221,14254,12879,15113,13907,27601,12357,24369,10679,14198,10627,11571,30806,26635,13344,15218,11132,12236,32903,578,33,11416,30804,10979,12913,10635,18997,12574,11416,13738,18870,14809,13086,16012,25500,13046,10637,13789,13265,12221,14566,14573,13157,14434,26084,13590,10789,25610,13088,12649,13749,14858,12696,12302, <-> 19984,12719,25741,16022,14867,10989,10989,14867,12943,11396,11522,11827,12058,11063,13769,13522,14555,12058,14555,10900,14555,12283,10933,26362,14565,14361,16723,16699,14370,14442,14412,11312,18796,11528,11528,18796,18154,11943,28064,12421,12421,18887,16401,12272,12272,16401,12591,14005,14734,13929,15113,13907,12357,24369,12990,10627,12913,10635,18997,12574,25500,13046,14434,26084,12649,13749,
19151,14469,194,54,22786,19984,12719,16022,25741,10960,14561,10782,7667,12911,12424,25631,14867,10989,16727,11506,18176,12943,11617,11396,14838,13023,11036,20409,220,11827,11522,10734,12298,10904,12058,13469,11063,13769,26089,18702,13522,25315,12058,14555,12283,10900,18891,1192,20409,26021,26362,10933,13882,12230,22800,6296,19309,14565,14361,14345,16699,16723,14442,14370,12842,12646,11436,12215,15013,1889,30753,30748,37,13500,7286,11415,12623,11085,12104,13927,18588,14412,16711,11312,30759,20408,13422,18396,14039,10839,13568,7280,12584,12954,13863,18796,14347,11528,13716,15089,12725,18803,11912,7928,1888,14237,12,11998,12961,13096,14520,12585,28064,12421,18154,18887,13058,11110,14356,5692,12597,21191,18889,15642,14977,11593,14610,16401,12272,14005,12591,14140,12017,13940,188,14734,13929,13648,14752,19586,12220,18768,1880,13148,11954,26647,33261,19459,1904,24954,21616,10720,12854,14221,32018,14254,12669,15113,13907,12879,12420,27601,12357,24369,11348,14760,10679,12668,13717,17602,10723,11517,7301,10692,12350,14506,14198,25621,12990,7288,10627,11125,11571,12171,30806,26635,13344,18690,12826,14923,11132,13800,10979,12236,32903,578,33,11416,30804,10979,11951,12734,12913,10635,18997,12574,14152,11416,13738,18870,14809,9770,13086,16012,25500,13046,19131,18410,10637,13789,22749,13155,26504,13265,14566,12221,14573,12594,13157,18798,5690,14434,26084,771,13309,13590,10789,25610,25896,13088,13871,13749,12649,14858,12696,25503,12302, <-> 19984,12719,10960,16022,16022,25741,7667,12911,16727,11506,14838,13023,14838,11036,14838,220,11522,10734,13769,26089,18702,13522,12058,12283,1192,20409,14361,14345,14442,14370,15013,1889,30748,30753,12104,13927,14412,16711,14412,11312,14039,10839,15089,13716,13096,14520,13058,11110,12017,14140,14734,13929,14752,19586,11954,13148,14221,32018,15113,13907,12357,24369,13717,17602,14506,14198,14566,12221,13088,25896,
 <-> 
 <-> 
 <-> 
 <-> 
 <-> 
 <-> 
14015,313,12996,13105,11880,23599,11346,14951,14321,16015,12527,10606,26645,10943,18885,14768,10750,13804,14887,12304,18984,13862,18779,1014,14956,13711,13210,24673,26642,27135,13791,11719,25651,17080,13465,12075,13184,29849,11764,32017,11383,12829,10102,14973,14180,19319,14823,10687,18506,17364,14718,15288,12790,12441,26078,14305,14787,25735,7281,30749,14608,14467,228,11667,24948,15658,14590,7295,15632,10790,18881,14811,12063,29414,12228,14478,13865,30302,18492,14787,28958,12956,11479,13708,18772,24005,94,25638,19985,33101,15270,11539,14273,13250,15657,11139,28066,11263,18804,28067,13336,19266,12598,1370,12682,14763,11083,99,13356,30756,12052,12728,5053,25317,1895,10949,14476,191,30756,14625,17597,14797,25644,13645,18866,25346,14276,13495,14582,6311,11710,14036,11225,10613,14532,14652,13873,12189,26641,13591,26502,22032,15245,13076,11477,10661,21626,11212,11070,22747,22802,11402,11775,13420,18180,11665,11096,12612,11658,11425,14636,25486,14738,31245,12579,7677,12097,13406,12523,10820,14739,13507,17085,14314,13551,14419,1375,26497,10886,21600,23597,26282,211,11490,769,16402,12240,11130,18584,11933,10666,13245,12475,12309,13957,12277,14632,14100,15000, <-> 14015,313,10943,18885,14887,12304,17080,11719,25651,17080,13184,12075,29849,13184,32017,11383,12829,10102,14180,19319,12441,12790,14305,14787,228,14467,11667,24948,15658,14590,14811,18881,12228,29414,13865,14478,13708,11479,24005,13708,13708,18772,24005,94,14273,33101,33101,15270,15657,11139,28066,11263,28067,18804,13336,28067,99,11083,12052,12728,30756,14625,17597,14797,18866,25346,14652,13873,22032,15245,21626,13076,11477,10661,10661,21626,21626,11212,22802,22747,18180,11665,11665,11096,14636,11658,11658,11425,12579,7677,13507,10820,13551,14314,1375,26497,769,11490,16402,12240,12309,12475,12309,13957,15000,14100,
14015,313,9737,12996,13105,11880,23599,11346,14951,14321,16015,12527,10606,26645,10943,18885,14768,10750,13804,14887,12304,18984,13862,18779,1014,14956,13711,13210,24673,26642,27135,13791,11719,25651,17080,13465,12075,13184,29849,11764,32017,11383,10102,14973,14180,19319,14823,10687,18506,17364,14718,15288,12790,12441,26078,14305,14787,25735,7281,30749,14608,14467,228,11667,24948,15658,14590,7295,15632,10790,14811,12063,29414,12228,14478,13865,30302,18492,14787,28958,12956,11479,13708,18772,24005,94,25638,19985,33101,15270,11539,14273,13250,15657,11139,28066,11263,18804,28067,13336,19266,12598,1370,12682,14763,11083,99,13356,30756,12052,12728,5053,25317,1895,10949,14476,191,30756,14625,17597,14797,13645,25644,18866,25346,14276,13495,14582,6311,11710,14036,11225,10613,14532,14652,13873,12189,26641,13591,26502,22032,15245,13076,11477,10661,21626,11070,11212,22747,22802,11402,11775,13420,18180,11665,11096,12612,11658,11425,14636,25486,14738,31245,12579,7677,12097,13406,12523,14739,10820,13507,17085,14314,13551,14419,1375,26497,10886,23597,26282,211,11490,769,16402,12240,11130,18584,11933,10666,13245,12475,12309,13957,12277,14632,14100,17374,15000,3800, <-> 10943,18885,18779,1014,24673,26642,13791,11719,25651,17080,17080,13465,12075,29849,32017,11383,14180,19319,14823,10687,10687,18506,15288,12790,14305,14787,7281,30749,228,11667,15632,10790,29414,14478,12228,13865,13865,30302,33101,15270,15270,11539,15657,11139,12598,1370,10949,14476,30756,14625,14797,13645,18866,25346,14652,13873,12189,13591,26641,26502,22032,15245,10661,21626,13076,11070,18180,11665,13420,11096,31245,12579,12523,14739,13551,14419,14419,1375,21600,23597,16402,12240,13245,12309,
 <-> 
 <-> 
 <-> 
27144,26788, <-> 13577,27144,
 <-> 
 <-> 
3800,13974,23245,14004,13475,13502,11676,11862,12180,11014,13056,14678,13340,6799,12927,24667,19274,14541,11248,14974,23591,31640,12439,14189,16003,41,20394,11881,14722,13577,14825,11289,10974,12979,14338,14436,10771,15652,26788,19977,13565,13337,12288,11194,18288,11099,14403,12184,14777,11525,14864,13656,9739,22376,5068,11643,15296,14960,12575,15097,1009,12382,76,13067,30797,4228,13889,10959,15227,21637,14447,12681,12404,15285,15049,12519,19300,12645,22358,12962,13080,1876,18999,12406,12049,15001,29850,15017,14848,24670,11848,12657,59,18878,20400,12264,12524,18139,14651,10930,32368,15026,30763,10623,11351,10779,14850,6278,13558,202,309,13805,13937,22808,197,14571,22760,12615,11608,19269,11903,11906,8141,11470,13978,14501,13060,14326,12100,5047,13766,15025,25152,12111,17094,11272,1896,12307,6276,14460,13673,19239,26271,18873,13633,14545,11320,12974,12500,12876,14633,14384,18774,18707,12549,12837,12908,11520,10662,18706,12872,8151,12667,19138,10712,10772,26629,18784,12083,13515,14517,11602,10663,22364,19136,5067,13555,11889,11901,18601,32025,14745,26284,18700,7283,11258,1892,14298,16024,14163,458,15221,10810,14137,12638,306,12967,12603,12242,14078,10828,12733,12513,13111,11455,209,30754,14023,22016,12358,12451,14889,11624,14219,12417,11150,14159,13486,24933,12119,11671,15294,12034,10919,1394,11630,20818,19982,12747,13115,15290,26513,12650,14357,5034,10885,11756,14236,15130,26286,14105,12173,13077,14048,14184,1400,26664,11916,24018,1887,11363,12107,24385,12225,14803,10754,12814,14035,13877,13832,25151,1383,14976,16382,12628,17061,10674,13380,21197,15122,7658,1371,13032,17375,11079,14342,17983,13683, <-> 23245,13974,14004,23245,11014,12180,11014,13056,24667,12927,12439,14189,13577,14722,15652,26788,15296,11643,13889,10959,21637,14447,14447,12681,12404,15285,12406,18999,15001,29850,15017,14848,11848,24670,12657,11848,15026,30763,10779,11351,6278,14850,202,13558,11906,11903,13060,14326,15025,25152,25152,12111,13633,14545,12908,11520,12872,8151,13555,11889,18601,32025,16024,14163,14163,458,12733,10828,30754,14023,14889,11624,13486,11150,11150,13486,13486,24933,15290,26513,5034,10885,14236,15130,12173,13077,24018,1887,12107,24385,14803,10754,14035,12814,25151,13832,10674,13380,1371,7658,17375,13032,14342,17375,17983,14342,
13974,23245,14004,13475,13502,11676,11862,12180,11014,13056,14678,13340,6799,12927,24667,19274,14541,11248,14974,23591,31640,12439,14189,16003,41,20394,11881,14722,13577,14825,11289,10974,14338,14436,10771,15652,26788,19977,13565,13337,11194,12288,18288,11099,14403,12184,14777,11745,11525,14864,13656,9739,22376,5068,11643,15296,14960,12575,15097,20382,1009,12382,76,13067,13872,30797,4228,10959,13889,15227,14447,12404,21637,15285,12681,12519,15049,19300,12645,22358,12962,13080,1876,18999,12406,12049,15001,29850,15017,14848,24670,11848,12657,59,18878,20400,12264,12524,18139,14651,12698,10930,32368,15026,10623,11351,30763,10779,6278,14850,13558,202,309,13805,22808,197,14571,22760,12615,11608,19269,13433,11903,11906,14270,8141,11470,13978,14501,13060,14326,12100,5047,15025,25152,13766,12111,17094,11272,1896,12307,6276,14460,13673,19239,26271,93,18873,13633,14545,11320,12974,12500,12876,14633,14384,12328,18774,18707,12549,12837,12908,11520,10662,18706,12893,12872,14217,8151,12667,19138,10712,10772,17600,26629,18784,12083,13515,7283,14517,10663,22364,11602,19136,30780,5067,13555,11889,11901,18601,32025,23233,12999,14745,26284,18700,7283,12940,11258,1892,14298,16024,14163,458,21596,15640,15221,10810,14137,12638,12967,306,12603,12242,14078,12733,19474,12513,10828,13111,18151,11455,209,9761,30754,14023,22016,12358,12451,14889,11624,12636,14219,12592,18505,12417,13486,24933,11150,12119,10689,11671,15294,10919,12034,1394,17793,11630,20818,19982,14023,12747,15290,26513,13115,12650,13122,14357,13819,5034,10885,11756,14236,15130,26286,14105,12173,17582,15044,13077,12626,14184,14048,1400,26664,11916,24018,1887,11363,12107,24385,14765,12225,14803,10754,10842,7272,12814,14035,13877,25151,1383,13832,11820,12613,14976,30775,16382,12628,30305,10674,17061,13380,21197,15122,22014,7658,1371,22772,13032,17375,14342,13971,17983,11079,13683, <-> 11676,11862,12180,13056,14678,13340,24667,19274,31640,12439,20394,11881,15652,26788,26788,19977,11194,12288,14403,12184,14777,11745,10959,13889,12404,21637,15285,12681,12519,15049,13080,1876,15017,14848,20400,12264,20400,12524,11351,30763,22808,197,8141,11470,13060,14326,13766,15025,15025,25152,12111,17094,17094,11272,93,18873,13633,14545,11320,12974,12549,12837,14217,8151,12667,19138,19138,10712,10712,10772,12083,13515,13515,7283,11602,22364,10663,11602,19136,30780,5067,13555,13555,11901,11889,18601,11901,32025,14163,458,21596,15640,12967,306,19474,12513,12513,10828,12733,13111,12513,18151,9761,30754,30754,14023,12451,14889,14159,24933,20818,11630,19982,14023,15290,26513,26513,13115,14357,13819,5034,10885,11756,14236,14105,17582,15044,13077,14803,10754,13877,25151,1383,13832,12613,14976,14976,30775,30305,10674,17375,13971,14342,11079,
 <-> 
 <-> 
 <-> 
11211, <-> 
 <-> 
 <-> 
17810,10950,14587,11783,15016,990,13391,24952,13290,14209,23607,19460,13904,13615,17797,19590,22031,14057,15053,11793,12989,13207,13906,19962,10947,21625,11097,53,18004,10605,1882,14764,10874,13986,19976,14173,10929,13652,14904,15999,18290,12599,16407,12587,7448,15047,12692,13613,13308,11661,14986,13063,12571,10852,17815,1027,14673,12256,12907,11733,20389,14917,79,14693,11463,13104,14497,11064,12540,13834,1008,11740,13794,21598,14438,12947,12429,11126,12157,13437,10935,12865,13423,19989,14280,15002,19321,14446,11832,23236,24000,17975,16709,5982,11750,33398,12774,22755,12008,213,19278,11786,11441,14405,14190,25494,11662,14481,14819,12551,11006,13110,21629,13018,13141,22773,10742,15236,11983,13452,11419,10826,6302,11926,12936,13481,16701,25832,13601,13592,26654,12833,3347,12722,13251,10805,993,17081,18141,26667,12639,13758,30774,17591,14694,17095,12950,14661,11091,22801,14659,12919,11155,14256,12617,19320,14021,13222,12530,13818,15107,29413,12580,573,15114,14099,19578,7302,12707,10752,11319,17996,12317,16030,12729,18975,1011,21198,11498,13435,12740,11169,25630,1011,13164,19970,4708, <-> 990,13391,12587,7448,12692,13613,13613,13308,10852,12571,79,14917,13104,14693,14497,13104,12008,213,6302,10826,6302,11926,25832,13601,13251,3347,3347,13251,12950,14661,16030,12729,11498,13435,
17810,10950,14587,11783,24030,15016,990,13391,24952,13290,14243,14209,23607,12921,19460,13904,13615,17797,19590,25319,22031,14057,15053,11793,12989,15083,13524,13207,13906,19962,24372,10947,14796,21625,11097,53,19268,18004,10605,1882,14764,10874,13986,19976,14173,10929,12167,13652,14904,15999,24008,12013,18290,12599,16407,12587,7448,15047,25746,12692,13613,13308,11661,14261,14986,13063,12571,10852,14673,17815,1027,12256,27,12907,20389,11733,14917,79,15084,14693,11463,13104,14497,11064,7305,12540,13407,13834,1008,11740,13794,21598,14604,14438,16707,12947,11126,12429,12157,13437,12865,10935,13423,19989,14280,15002,19321,21621,11688,14446,11832,23236,11343,24000,17975,16709,5982,11750,12774,22755,12008,19278,11786,213,11441,14405,14190,25494,11662,14481,14819,12551,11006,13110,21629,13018,13141,22773,10742,15236,11983,13452,11419,10826,6302,11926,12936,11713,13481,16701,25832,13601,13592,26654,12833,13251,3347,11419,12722,10805,993,17081,18141,26667,12639,16028,13758,30774,17591,14914,14694,12950,17095,14661,11091,22801,10690,14659,14560,12919,11155,25833,14256,14891,12617,14021,19320,13222,12530,13818,12792,29413,15107,12580,573,15114,14099,28072,19578,7302,14851,12707,10752,20401,11319,17996,19591,11779,12317,16030,12729,18975,10914,1011,21198,11498,13435,18970,12740,11169,25630,1011,13164,11962,19970,4708, <-> 14587,11783,23607,12921,12989,15083,12989,13524,21625,11097,18004,10605,13986,19976,13986,14173,14173,10929,13652,12167,12599,16407,12599,12587,14986,14261,14673,17815,14673,1027,14673,12256,20389,11733,14693,11463,12947,11126,11126,12429,12157,13437,12865,10935,11832,23236,213,19278,19278,11786,19278,11441,14819,11006,25832,13601,13251,11419,10805,993,22801,10690,10752,20401,
