 <-> 
 <-> 
 <-> 
 <-> 
 <-> 
 <-> 
 <-> 
 <-> 
 <-> 
 <-> 
 <-> 
 <-> 
 <-> 
 <-> 
 <-> 
 <-> 
 <-> 
 <-> 
 <-> 
 <-> 
 <-> 
 <-> 
22195,16806,22202,21228,22111,16573,16373,15415,17490,22165,17727,20567,15599,21123,19805,15679,20995,15993,19704,21089,21667,19232,19190,17439,16237,21779,16438,15522,18652,15382,16752,18842,15556,17904,21151,15389,18906,20688,19227,20634,20447,21447,16214,20135,21419,15182,15313,16832,15185,15766,19353,19554,22043,20866,20083,21575,21522,20757,19916,18080,20309,19058,17921,16225,19846,19219,15754,16911,15843,21832,21674,21829,19414,15480,18726,16628,17573,20152,20956,19722,20480,21963,17633,18845,20353,17767,20246,19816,19396,19063,21792,18933,15806,17104,15783,16322,15666,15847,18485,22248,21485,22048,16439,17873,21555,16955,16162,20304,20154,17779,15580,17754,15891,15992,21964,22059,19340,20014,18930,20490,20848,17226,15701,15915,21354,16974,18670,15780,16819,20464,21243,20115,22174,21402,18453,16123,21954,19186,15560,18449,21563,21670,20973,19848,15196,17731,17471,22128,21081,16074,18369,17127,21024,15897,15897,21663,18029,21337,20496,17462,18462,16280,20660,15162,18030,15309,15767,19062,19525,16739,21457,19701,21432,20869,17304,18465,20060,21770,20072,18746,20079,16990,17185,15839,21515,20594,20522,19530,16432,17238,16086,20287,22183,21002,16475,17463,16782,16937,15507,16598,21913,22092,20372,17459,17270,19552,16313,21646,19071,16085,21159,20717,17782,19678,16942,18378,19748,19090,20063,20900,21702,19235,18607,21036,17765,19237,17826,21865,15805,18958,21438,20359,21499,17517,17923,15524,17918,18762,16341,15546,21456,16742,19835,19659,16689,16642,22145,21811,15976,19685,16935,16252,21473, <-> 
22195,16806,22202,21228,22111,16573,16373,15415,17490,22165,17727,20567,15599,21123,19805,15679,20995,15993,19704,21089,21667,19232,19190,17439,16237,21779,16438,15522,18652,15382,16752,18842,15556,17904,21151,15389,18906,20688,19227,20634,20447,21447,17420,16214,20135,21419,15313,15182,16832,15185,15766,19353,19554,16538,22043,20866,20083,21575,21522,20757,19916,18080,20309,19058,17921,16225,19846,19219,20779,15754,16911,15843,21832,21674,21829,19414,15480,16628,17573,20152,20956,19722,20480,21963,17633,18845,20353,17767,20246,19816,19396,19063,18933,15806,17104,19750,15783,16322,15666,17828,18485,21485,22248,16439,17873,22048,21555,16162,16955,20304,20154,17754,17779,15891,15580,15992,21964,22059,19340,20014,18930,20490,20848,17226,15701,15915,21354,20704,16974,18670,15780,16819,20464,20115,21243,22174,21402,18453,18820,16123,21954,19186,15560,18449,21563,16763,21670,20973,19848,15196,17731,17471,22128,21081,16074,18369,17127,21024,18206,22113,16940,21663,18029,21337,20496,18462,16280,20660,15162,18030,15309,15767,19525,21714,19062,15867,16739,21457,21863,19701,21432,20869,18465,17304,17578,20060,21770,20072,16574,18746,20079,16990,17185,15839,21515,20776,20594,20975,20522,19530,16432,15906,17238,16086,20287,22183,21002,16475,17463,16937,16782,15507,16598,21913,22092,20372,17459,17270,15446,19552,19365,16313,21646,19071,16085,21159,20717,17782,19678,21797,16942,18378,19748,19090,20063,20900,21702,19235,18607,21036,17765,19237,17826,15805,18958,17845,21438,20359,21499,17517,17923,15524,17918,18762,16341,15546,21456,16742,19835,19659,16689,16642,22145,21811,15976,19685,16935,16252,21473, <-> 
 <-> 
 <-> 
 <-> 
15665,16119, <-> 
 <-> 
 <-> 
 <-> 
 <-> 
