 <-> 
 <-> 
 <-> 
 <-> 
 <-> 
 <-> 
30047,32007,33037,3052,31258,115,3883,1153,1923,2157,33043,3282,3955,31898,694,723,3500,31004,372,2795,755,556,31582,1631,32119,4397,29985,31952,30974,30581,33377,3001,30905,3871,30418,869,591,2271,3044,31825,1626,503,2144,32888,31027,4000,31819,30499,31186,4162,32271,3666,30725,848,31725,3623,32551,3242,30990,4000,1122,4162,3851,1810,30240,3623,3099,32495,3958,2162,1628,4214,1532,2911,32816,4550,32993,1622,31730,30603,845,33254,2784,865,31792,185,1458,627,31161,1546,2852,30136,32138,2832,691,32401,599,32131,1783,33317,153,1666,1226,31311,1744,32631,3703,32920,30116,4213,32667,3523,2355,32514,3847,32055,3054,33410,4193,1329,2684,4125,2917,3523,2951,1240,3727,32520,917,132,2711,31144,33004,2922,2917,3045,30634,33406,31982,30010,1915,31850,2525,595,2192,4021,32096,1594,290,4217,4042,1145,1497,290,4604,4531,1985,32357,33481,31769,4256,1467,3920,32147,32499,31453,33189,3443,4439,3824,1417,31309,2541,1214,31366,1647,4456,30485,1977,4464,32499,2724,4521,31488,32632,30727,381,29949,31345,2524,1313,31604,30498,4028, <-> 
32705,32326,30047,32007,33037,3052,4185,115,31258,2026,3883,1153,1923,31108,2157,3282,33043,3955,31898,694,723,3500,31004,372,2795,755,556,31582,32119,1631,4397,3215,29985,31973,31952,30581,30974,33377,3001,32663,324,30905,3871,30418,869,591,32595,2271,3044,32062,1626,503,31825,32888,2144,32558,31819,4000,30499,31186,4162,33494,32271,3666,30725,848,31087,31725,3623,32551,3242,1228,30990,32492,32325,4000,31474,4162,31285,1122,536,3851,1810,30240,3623,4553,3099,32495,31469,3958,2850,2162,1628,1532,4214,2911,4240,3979,32816,4550,2638,30939,32993,32790,1622,31730,30603,845,33254,2784,31291,865,31792,2982,1458,31161,185,627,1736,2852,1546,3703,33319,30136,32138,2832,30134,3318,4461,1296,691,31083,558,32401,2342,32131,599,30848,1783,33317,1226,153,1666,3209,32943,31311,1744,3266,3703,32631,31418,32667,32920,32146,30116,4213,1329,353,3523,2355,31436,2917,32514,3847,32055,2023,3054,33410,4193,1329,2684,4125,3711,2917,31785,3523,31393,3313,2951,3727,30114,30008,32520,132,917,1227,4552,2711,1071,31144,33004,1289,32292,2917,32389,3045,33129,30634,33406,31982,30010,1915,4350,31850,2525,30480,595,3350,2192,4021,32096,1594,290,30822,31146,3290,4217,30868,673,4042,1145,1497,290,4604,4531,1985,32357,33481,33466,31769,4256,32499,2190,33356,1467,3920,32499,32147,31453,33189,4439,3443,3705,978,3824,1417,31309,2541,1214,32616,31366,1647,4456,30485,1977,4464,30570,32499,2724,4521,30197,30890,3447,31001,31488,32632,30727,2442,381,29949,31345,32858,2524,1313,31604,2688,30498,4028,31703, <-> 
1274, <-> 
 <-> 
 <-> 
 <-> 
 <-> 
 <-> 
 <-> 
 <-> 
 <-> 
 <-> 
 <-> 
 <-> 
 <-> 
 <-> 
 <-> 
 <-> 
 <-> 
 <-> 
 <-> 
 <-> 
 <-> 
 <-> 
 <-> 
 <-> 
