 <-> 
 <-> 
 <-> 
 <-> 
 <-> 
 <-> 
 <-> 
 <-> 
 <-> 
 <-> 
 <-> 
 <-> 
 <-> 
 <-> 
30817,32915,30849,1048,690,4137,30943,2173,32255,1338,2627,31463,2172,2883,30618,3296,30443,4159,32568,30323,1705,33330,30919,793,32151,31601,30256,659,2404,32689,4507,1994,32414,415,3454,31121,1635,2720,30243,30654,30454,31373,590,3352,32443,1582,857,31253,439,3441,3684,30578,949,3589,1090,2800,33220,32296,3428,30611,2640,31921,31668,3471,348,4111,31827,3518,687,30720,31875,32704,31226,2387,3239,32434,1444,3945,2338,780,31032,33079,675,3264,30710,4116,4310,30225,33418,33062,4171,829,470,861,2169,377,154,32113,2828,30120,2859,3843,32099,2937,31271,31838,33022,31622,375,1587,32100,32530,30587,33287, <-> 
33367,30817,32915,30849,1048,690,4137,30943,2173,32255,1338,2627,31463,2172,2883,30618,3296,30443,4159,32568,30323,1705,33330,30919,793,32151,31601,30256,659,2404,32689,4507,1994,415,32414,3454,31121,1635,2720,30243,30654,30454,31373,590,3352,32443,1582,857,31253,439,3441,3684,30578,949,3589,1090,2800,33220,32296,3428,30611,2640,31921,31668,3471,348,4111,31827,3518,30720,31875,32704,31226,2387,3239,32434,1444,3945,2338,780,31032,33079,2152,675,2660,3264,30710,4116,4310,30225,33418,33062,4171,829,470,861,2169,377,154,32113,2828,30120,2859,3843,32099,2937,31271,31838,33022,31622,375,1587,32100,32530,30587,33287, <-> 
 <-> 
 <-> 
 <-> 
 <-> 
 <-> 
 <-> 
4003,2606,116,31869,33177,31816,3637,4030,30153,3773,3802,1321,1522,3563,788,976,3929,1205,31600,31842,3047,33188,4186,30556,3392,960,32405,3330,4580,32228,31468,32641,30375,3285,33145,30609,2848,2412,3892,33484,33077,31665,31455,134,30881,356,30152,31748,30111,33225,2447,31865,2786,30620,32286,30122,31024,3438,31301,3923,30705,1987,952,32209,3845,32800,33268,1511,1625,2388,1202,2311,4274,2075,33368,4027,1714,33059,32384,277,30189,32997,4191,124,31191,31923,1353,1860,1782,33229,32656,30222,32550,685,2020,32582,1414,3484,3398,840,31283,31858,887,3687,4297,32400,3325,3098,30021,3170,2677,4104,2496,33474,3754,29996,2851,4492,30363,32174,32798,30339,4403,29939,2918,31006,4379,4067,33292,32346,30248,1405,2641,31067,30942,2461,31099,4124,30965,33462,30977,29971,3812,3591,4495,30918,31062,1060,31561,672,907,4591,3621,3610,32799,2071,1789,2250,2511,1030,1491,31818,3593,32403,957,32603,2127,31696,2276,4269,2090,32417, <-> 
4003,2606,116,31869,33177,31816,3637,4030,30153,3773,3802,1321,1522,3563,788,976,3929,1205,31600,31842,3047,33188,4186,30556,3392,960,32405,3330,4580,32228,31468,32641,30375,3285,33145,30609,2848,2412,3892,33484,33077,30517,31665,31455,134,30881,356,30152,31748,30111,33225,2447,31865,2786,30620,32286,30122,31024,31301,3438,3923,30705,1987,952,32209,3845,32800,33268,1511,2388,1202,4274,2311,2075,33368,4027,1714,33059,32384,277,30189,32997,4191,124,31191,31923,1353,32351,1860,1782,33229,32656,30222,2451,32550,685,2574,2020,32582,1414,3484,3398,840,31283,31858,887,3687,32400,4297,3098,3325,3170,2677,4104,2496,33474,3754,2326,29996,2851,4492,813,30363,32174,32798,30339,4403,29939,2918,31006,4379,4067,33130,33292,32346,4092,30248,30293,32717,1405,1254,2641,31067,30942,2461,31099,3591,4124,30965,33462,30977,3812,29971,3591,4495,30918,31062,1060,672,2713,31561,907,4591,3621,3610,32799,2071,1789,2250,2511,1030,1491,31818,3593,32403,957,32603,1426,30569,2127,31696,2276,4269,2090,32417, <-> 
 <-> 
 <-> 
 <-> 
3513, <-> 
 <-> 
 <-> 
4504,1140,3256,2087,31539,2654,32162,2775,2811,30124,3998,1737,245,2450,2939,1421,2847,30093,32974,2106,32331,30869,1175,30495,32529,282,837,3479,32333,293,4197,30672,1943,31280,31165,32290,30623,794,1419,546,32621,32873,31666,1419,32152,3652,948,32324,30894,32452,33422,808,1729,31350,31210,31793,30160,31937,4301,474,30149,33434,32781,31352,924,3224,1575,1222,2487,490,3756,1979,2992,31263,4071,32004,1513,3803,4107,31347,1976,30680,264,32307,752,30466,417,31493,3924,31567,3143,2149,1858,29998,30510,2735,1411,2406,3263,32789,1653,1242,3960,31728,2651,31209,33164,31370,1044,3494,3243,1314,3626,3376,32878,30873,30082,3873,693,31204,450,4544,3510,30624,3961,268,450,450,3660,32630,31201,31586,1930,4005,31848,4279,30048,2037,4170,1779,2526,2908,30586,3493,2897,32206,30915,30431,31926,4431,31803,4324,438,4096,30301,1056,2358,30440,33414,3486, <-> 
4504,1140,3256,31539,2087,2654,32162,2775,30124,2811,32098,3998,31698,1737,3076,245,32301,31371,2939,30854,2450,1421,2847,30093,32974,2106,31304,32331,3096,30869,1175,30495,32529,282,837,3479,32333,293,4197,30672,1943,31280,31165,1603,32290,30623,757,794,546,32621,1419,32873,31666,1419,32152,3652,948,32324,32452,30894,33326,31480,33422,808,1729,31350,31210,30160,31793,31937,4301,474,30149,33434,32781,31352,924,1575,2487,1222,490,3756,2992,1979,30341,31263,4071,30656,32004,1513,3803,4107,3850,31347,168,1976,30680,264,32307,752,30466,417,31493,3924,31567,3143,3143,2149,1858,29998,30510,2735,32049,1411,2880,2406,3263,32789,1653,33061,1242,3960,31728,2651,31209,33164,31370,1044,3494,3243,1314,3626,3376,2703,32878,33186,30873,30082,3873,693,31204,450,4544,30624,3510,295,3961,29958,268,450,2635,450,3660,30577,32630,31201,31586,1930,4335,4005,33388,31848,4279,32604,30048,2037,4170,1779,2526,2908,30586,3493,2897,30326,32206,30915,30431,31926,4431,31803,4324,438,33240,4096,30301,1056,2287,2358,30440,31211,33414,3486, <-> 
