 <-> 
 <-> 
 <-> 
 <-> 
 <-> 
 <-> 
30362,114,4093,2823,33150,31856,31457,32521,2284,2979,30504,31328,114,4246,2411,31846,3795,32068,1688,787,32222,3276,30496,1312,31829,630,33227,3192,29989,2930,1558,33536,31429,3309,3413,2414,4160,30421,4524,30719,2145,2531,30432,1209,32364,2950,256,3417,2391,29962,30665,2324,3278,3529,1273,31911,3053,3514,2155,30129,3131,821,4250,3153,30268,32295,29966,30044,30711,32536,30437,2747,33215,145,2198,31407,33513,33215,30215,2001,2998,4358,103,32964,30912,3028,30192,33513,2723,1067,32629,2164,31593,2253,32639,33442,31807,32330,1123,33025,2374,4218,32178,31060,33078,31476,32143,3164,30359,4121,32812,32497,429,32807,3187,4317,32277,3079,32299,31236,31823,32751,1950,32559,31110,33382,32467,32710,31522,29980,32000,32611,33297,32611,2546,1671,4596,610,3624,29994,4006,2542,1508,30441,33167,1521,33404,255,3319,2821, <-> 
30362,3207,114,2909,4093,2823,33150,31856,31457,2979,32521,2284,3410,30504,894,114,4246,2411,31846,2870,3795,32068,787,1688,32222,3276,30496,1312,31829,630,33227,3111,3192,325,29989,2930,1601,1558,33536,31429,3309,3413,3615,2414,4160,30421,4524,30719,2215,4044,2145,2531,1209,32364,30432,2950,256,3417,2391,29962,30665,3646,2324,3278,3529,1273,31911,3053,3514,2155,30129,3131,821,4250,3153,30268,32295,3091,3416,29966,30711,30044,30437,2747,32536,33215,145,31018,2198,31407,33513,33215,30215,2001,2998,4358,103,32964,954,30912,3028,30192,31319,33513,1067,2723,3279,32629,2164,31593,2253,1813,4353,32639,561,33032,33442,31807,838,32330,32855,2558,31400,1123,31949,32454,31325,33025,33239,31957,527,2374,4218,32178,432,31060,33078,31476,3959,32143,2860,3402,3164,30359,32620,32309,32807,1053,4121,32497,32812,30736,32807,1286,3187,513,30874,4317,32277,32299,3079,31236,31823,32751,1950,33382,32559,31110,33382,32467,4128,32710,31522,29980,32000,32611,33297,32611,32226,3884,1671,31261,4596,610,3598,3624,29994,30559,4006,2542,31651,1508,2270,31899,30441,33167,1521,261,33404,255,3319,32523,2821,625, <-> 
 <-> 
 <-> 
 <-> 
 <-> 
 <-> 
 <-> 
31492,3854,31388,30732,3546,169,32175,2617,32388,918,3339,32535,3259,3509,33273,31844,33210,33364,4056,4014,31544,31030,2008,4155,648,1982,4282,352,30007,1768,4475,2336,31519,30286,2740,3116,30364,29963,2010,33092,291,138,3530,33121,2277,885,4427,31008,844,888,425,3543,1798,1138,1525,29964,30604,32212,2433,2649,30829,31908,4032,4075,3938,31082,33517,2305,2048,1600,122,2444,32303,31044,32451,3874,32811,33036,759,4574,31546,32922,670,2120,32778,3655,31824,3412,3766,2133,32001,2669,3176,2547,31879,2047,3683,31947,2631,33209,33483,31038,334,4370,31660,4090,1355,746,31414,31057,3205,3918,2141,2616,32411,3863,32804,1993,1168,2664,30483,1806,2534,32912,859, <-> 
31492,3854,31388,31862,1658,30732,3546,3570,169,32175,2617,32388,918,3339,32535,3259,3509,31844,33210,33364,4056,4014,31544,31030,2008,4155,648,1982,4282,352,30007,1768,4475,2336,31519,30286,2740,3116,30364,29963,2010,33092,291,138,3530,33121,2277,885,4427,31008,844,888,425,3543,1798,1138,1525,29964,30604,32212,2433,2649,30829,31908,4032,3938,4075,31082,33517,2305,2048,1600,122,32303,2444,31044,32451,3874,32811,33036,759,4574,31546,32922,33173,670,2120,32778,3655,31824,3412,3766,2133,32001,2669,3176,2547,31879,2047,3683,31947,2631,33209,33483,31038,334,4370,31660,4090,1355,746,31414,31057,3205,3918,2141,2616,32411,3863,32804,1993,2664,30483,1806,2534,32912,859, <-> 
 <-> 
 <-> 
 <-> 
1981, <-> 
32076, <-> 
 <-> 
33114,3162,1542,4152,3359,3709,1578,1495,1518,30205,32483,2529,2080,886,785,30683,31128,31718,30322,33301,3268,31419,31104,31187,31534,1965,31580,2892,30491,4443,32743,32375,30863,2719,1912,31233,4341,30678,2756,32442,33181,2280,33510,3244,2049,727,2343,32470,448,31726,4378,801,830,1618,2802,31156,2637,32275,33518,31284,30694,31357,3212,32940,3267,31265,3984,242,320,3942,3706,31589,3178,2528,31517,30537,32469,32469,32166,3554,32254,31905,2260,1416,529,667,32123,2403,31778,32874,2208,31066,32911,32911,31340,2316,2824,607,1281,30591,1515,31089,4411,32231,3217,366,1425,350,32341,4221,1773,30012,3236,442,2670,31516,32833,2857,1051,30233,4502,4257,32546,4087,32945,1484,3797,32428,141,3750,30630,3536,2182,2621,1767,32430,3247,1592,4025,850,33463,404,33385,32091,31335,2926,3805,30403,32494,31168,32848,30135,29952,269,1317,32513,31809,3519,609,31729,31608,33166,30072,2309,4266,3442,3771,32563,2213,3638,2840,30426,33230,2970,31955,649,32579,30726,2826,32887,32489,3989,4307,30445,30035,32328,32002,30183,32929,31590,1428,3419,3551,31655,30327,2282,2079,4242,31094,31647,4494,30831,4373,2881,30391,123,31579,4408,1057,30930,32387,889,30819,3810,1664,31914,3516,284,33006,31126,1098,820,4268,2221,3997,4387,4340,31479,4570,2512,2151,1133,33532,1133,544,3605,1463,30663,31486,31653,1479,30668,31585,31049,2900,2879,3295,30679,1492,31106, <-> 
33114,3162,1542,4152,3359,3709,1578,1495,1518,30205,1981,32483,2529,2080,886,785,30683,31128,31718,30322,33301,3268,31419,31104,31187,31534,1965,31580,2892,30491,4443,32743,32375,30863,2719,1912,31233,4341,30678,2756,32442,33181,2280,33510,2244,3244,2049,727,2343,32470,448,31726,4378,801,830,1618,31876,2802,31156,2637,32275,33518,31284,30694,31357,32940,3587,3267,31265,3984,242,320,3942,3706,31589,3178,31178,2528,31517,30537,32166,3554,32254,31905,1416,2260,1984,529,667,32123,2403,31778,32874,2208,31066,2340,31340,2316,2824,4035,607,1281,30591,1515,31089,881,4411,32231,3217,366,1425,350,32341,4221,1773,30012,3236,442,2670,32833,31516,2857,1051,30233,30539,4502,4257,32546,32945,1484,3797,32428,141,32221,3750,30630,3536,2182,2621,1767,32430,3247,1592,4025,850,33463,404,33385,32091,31335,2926,33143,3805,32494,30403,31168,30135,32848,29952,31608,269,1317,32513,32659,3519,31809,609,3123,31608,31729,30072,33166,32455,4266,2309,3442,3771,32563,2213,3638,2840,30426,33230,2970,32479,31955,649,32579,1553,30726,30850,32887,2826,4307,32489,3989,30035,30445,32328,32002,31590,30183,32929,1428,2543,3419,3551,30327,31655,1968,2079,2282,4242,31647,31555,31094,4494,30831,4373,2881,30391,3982,123,1330,4062,31579,4408,31093,2289,1057,32387,30930,668,889,30819,3810,1664,31914,33375,3516,284,1098,33006,31126,4268,820,2221,1163,3997,4340,4387,4570,2512,31479,2146,2151,1133,33532,1133,544,3605,1463,30663,31653,31486,4496,1479,30668,31585,2900,31049,2879,3295,30679,4149,1492,31106, <-> 
 <-> 
 <-> 
 <-> 
1438, <-> 
 <-> 
 <-> 
3704,33115,4444,4421,2279,2330,1283,1324,31774,832,31828,3375,1637,380,30531,30389,32742,276,3144,30011,342,3275,3957,2312,3292,3737,31993,31970,31303,32925,621,2706,3148,31760,30979,2708,2230,31736,30913,31679,2209,32994,30706,32773,3390,30085,3751,3768,33174,1203,4390,32686,4127,32973,31688,30433,3926,31545,2425,30384,30173,903,32716,31362,32862,31295,1649,2219,30960,30358,839,1550,32809,171,956,2176,722,30039,2758,31839,29976,3708,1300,4173,4328,31361,3085,31542,30402,1037,3508,31893,1187,1791,31115,2837,1555,3908,2094,416,1738,31747,1120,30435,545,33527,4258,2877,2945,31863,570,30595,4157,31754,2013,2437,1935,1036,2022,2362,1500,3311,2960,4139,4555,31382,1523,31119,814,1331,30824,4020,32475,2408,1208,31288,698,32843,2817,3122,31461,31177,32457,327,2798,2029,31841,2965,3488,30188,3560,1034,2812,2398,32696,3823,32961,30855,2750,31230,1287,30354,32317,32511,1440,3887,4293,4581,945,3435,4049,4537,2658,4542,32982,33288,31811,2436,30592,31615,3833,29979,32949,285,3384,32402,2301,31559,3528,30463,32648,3307,2565,906, <-> 
3704,33115,4444,4421,2330,2279,1283,31900,1324,31774,832,31828,3375,1637,30041,380,32003,30531,30389,32742,276,33512,2961,3144,30011,342,3275,3957,2312,3292,3737,31993,2185,31970,31303,32925,621,2706,3504,3148,31760,1054,30979,2708,2230,2351,31736,30913,1115,31679,2209,30706,32773,32994,3390,30085,3751,3768,33174,1203,31214,4390,32686,4127,32973,2549,31688,32914,3926,30083,30433,31545,2425,30384,903,32716,31362,30173,32862,2742,31295,1649,2219,30960,30358,1550,32809,171,956,2176,722,30039,2758,31839,29976,32264,3708,1300,4173,4328,3085,31361,31542,30402,1037,3508,31893,436,1187,1791,807,31115,2837,1555,3908,3440,2094,416,1738,31747,1120,30435,545,33527,4258,2877,2945,511,31863,570,30595,4157,31754,2013,2437,1935,30948,1036,2022,2362,1500,3311,2960,3360,4139,4555,31382,1523,31119,33428,814,3897,1331,1677,30824,4020,32475,2408,1208,31288,698,2817,3122,31461,31177,32457,327,2798,2029,31841,3488,2965,30188,3560,2398,2812,1034,2226,32696,33540,3823,32961,30855,2750,31230,30444,1287,30354,33447,32317,32511,4066,1440,3887,4293,4581,945,3435,31673,4049,4537,2658,4542,32684,32982,2963,33288,31811,30592,2436,31615,3833,29979,32949,285,32402,3384,2301,31559,31402,3528,32951,31327,30463,32648,2565,3307,906, <-> 
