 <-> 
 <-> 
 <-> 
 <-> 
 <-> 
 <-> 
27710,28920,25703,28206,24122,26996,25134,25505,25532,26853,25860,24288,27418,25893,28716,26004,28602,26004,24905,23427,23749,27655,24294,26854,25412,26418,24165,26247,26956,27353,26420,23909,22964,25389,23783,29431,23492,29665,29431,28317,25955,28823,24544,22402,23768,29322,27890,22277,27204,26168,24975,24064,24558,27866,22637,28170,27716,24163,24535,27657,29249,26101,28736,23641,28106,23021,25434,29644,25462,24915,26230,23515,25768,28060,28015,29240,26947,25567,26458,27197,27333,29167,23511,28330,23730,22829,29836,29198,28863,29150,24031,23332,25988,23504,24219,25879,28347,29101, <-> 
27710,28920,25703,28206,27457,25233,24122,26996,25134,25532,25505,26924,26853,26998,25860,24288,25893,27418,28930,28716,28351,26004,28602,26004,22625,24905,25280,23427,24762,23749,22496,27655,24294,26854,25412,26418,24165,26247,26956,27353,26420,22964,23909,25389,23783,24193,27364,29431,23492,29665,29431,28317,25955,28823,22901,26481,24544,22402,23768,27064,29322,27890,27204,22277,26168,24975,24558,24064,27866,22637,28170,25006,27716,26044,24163,28395,24535,27657,29249,29756,26419,26551,28470,26101,28474,27829,28736,28376,28312,23641,24749,23021,28106,23445,25434,25125,29644,25462,24915,26230,23515,25768,28060,28015,26947,29240,25209,26458,25567,23717,26396,27197,27333,25098,29167,27289,23511,29182,28330,27102,23730,27309,23744,22829,29836,29198,28863,22589,22564,29150,24031,23332,25988,23504,24219,28640,26841,25879,26802,28273,28347,29101, <-> 
 <-> 
 <-> 
 <-> 
 <-> 
 <-> 
 <-> 
 <-> 
 <-> 
 <-> 
 <-> 
 <-> 
 <-> 
 <-> 
 <-> 
 <-> 
 <-> 
 <-> 
 <-> 
 <-> 
 <-> 
 <-> 
 <-> 
 <-> 
 <-> 
