 <-> 
 <-> 
 <-> 
 <-> 
 <-> 
 <-> 
 <-> 
 <-> 
 <-> 
 <-> 
 <-> 
 <-> 
 <-> 
 <-> 
 <-> 
 <-> 
 <-> 
21265,21265, <-> 
 <-> 
 <-> 
 <-> 
 <-> 
19996,19159,16779,19725,21495,18631,16857,15170,19484,17235,15502,15437,16848,21879,17213,18319,20028,18326,21747,16224,17710,15511,18060,15739,15575,19994,15762,20981,15821,16222,17821,20785,20535,18859,17920,17449,20944,19120,18244,21442,17393,15191,21898,20047,21831,21177,20787,17940,20147,21845,21464,16270,20907,20596,17482,17345,16266,21688,15695,19829,17214,21999,19499,20059,16813,18340,16583,21991,21588,17175,16420,20213,17352,20203,18464,18358,19013,16770,18045,16847,21129,15822,17290,15175,22271,22108,17831,15397,16111,19817,21943,20259,18439,21280,20103,16045,16835,21567,15553,21446,15460,15148,15525,18044,21705,19208,15680,20053,18333,18635,17206,15929,17501,20514,19826,20307,15486,20307,16638,19958,15149,19218,20708,20026,15911,22216,16042,18682,17458,16294,19731,20680,21671,22214,19161,17745,21934,17477,16326,18350,19528,20935,20561,17497,15681,15459,15817,17311,16282,20218,19436,17919,18215,17452,15594,20896,17572,19181,19117,19952,16599,20775,17841,15984,18015,17955,21754,16671,17034,15317,16738,21474,16072,17732,18815,21494, <-> 
19159,16779,19725,21495,18631,16857,15170,19484,17235,15502,15437,16848,21879,17213,18319,20028,18326,21747,16224,17710,15511,18060,15739,15575,19994,15762,20981,15821,16222,20785,17821,20535,18859,17920,17449,20944,19120,18244,21442,17393,15191,21898,20047,21831,21177,20787,17940,20147,21845,21464,16270,20907,20596,17482,17345,16266,21688,15695,19829,17214,21999,19499,15302,20059,16813,18340,16583,21991,21588,17175,16420,20213,17352,20203,18464,18358,19013,16770,18045,16847,21129,15822,17290,15175,22271,22108,17831,15397,16111,19817,21943,20259,18439,21280,21083,20103,16045,16835,21567,15553,21446,15460,15148,15525,18044,21705,19208,20832,15680,20053,18333,18635,17206,15929,17501,19826,20514,15486,16638,19958,21122,19218,15149,20708,19626,20026,15911,22216,16042,18682,17458,16294,19731,20680,22214,19161,21671,17745,21934,17477,16326,18350,19528,20935,17497,20561,15459,15681,17311,15817,16282,20218,20029,16616,19436,17919,20517,18215,15526,17452,15594,20896,16070,17572,19181,19117,19952,16599,20775,17841,15984,18015,17955,21754,16671,15171,17481,17034,15317,16738,21474,16072,17732,18815,21494,17529, <-> 
 <-> 
17558, <-> 
 <-> 
 <-> 
 <-> 
 <-> 
 <-> 
 <-> 
