 <-> 
22115, <-> 
 <-> 
 <-> 
 <-> 
 <-> 
 <-> 
 <-> 
 <-> 
 <-> 
 <-> 
 <-> 
 <-> 
 <-> 
 <-> 
 <-> 
 <-> 
 <-> 
 <-> 
 <-> 
 <-> 
 <-> 
20541,20327,15771,18657,17700,20034,16897,21967,22050,21095,20694,19355,16516,19052,20753,22124,21378,19955,18456,19828,17209,17632,18684,15781,18438,17443,15189,18484,17149,17193,17209,22124,20765,20672,19213,15842,15322,22143,20039,17690,21862,15393,19802,19395,22208,19381,21000,19813,16194,18912,17405,15529,18954,21293,21004,19720,17268,21458,19051,15925,18006,17312,19918,21154,16339,20615,21148,17842,17253,17509,15455,18636,22087,20186,21088,21822,16288,16115,19420,17900,18623,21459,21169,16435,20778,18368,15543,17271,20568,18573,20261,17823,21411,19949,16519,16477,17874,19938,20601,22178,15745,16264,21948,18532,16171,18903,19337,15935,19206,21990,17662,20546,20451,19851,18347,21974,15404,20442,15200,20286,16849,21326,17348,17033,22177,16794,17032,17655,20797,15203,20205,20358,18755,20153,18556,21926,17099,18963,16502,15375,19170,15569,17538,21145,15968,21847,16660,21660,16869,18752,20465,16453,22121,18274,18659,20962,15366,16591,21535,16305,17846,15896,17137,17516,18455,17036,18017,19428,18525,16565,21888,16951,16765,20591,16073,22127,19900,21723,15604,21407,15597,16334,20350,19927,15464,20713,15861,17286,15570,19623,20282,20722,17339,17111,16353,21347,20923,19859,17332,16437,18049,15211,21079,22135,18209,18568,17351,16909,15186,20913,16239,20429,19940,19169,20871,15479,16103,15831,21465,20534,17932,16759,15707, <-> 
20541,20327,15771,18657,17700,20034,16897,21967,22050,21095,20694,19355,16516,19052,20753,22124,21378,19955,18456,19828,17632,17209,18684,15781,18438,17443,15189,18484,17149,17193,17209,20765,22124,20672,19213,15842,15322,22143,20039,17690,21862,15393,19802,19395,22208,19381,21000,19813,16194,18912,17405,15529,19991,18954,21293,21004,18345,19720,17268,21458,19051,15925,18006,21351,17312,19918,21154,16339,20615,21148,17842,18008,17253,17509,15455,18636,22087,20186,21088,21822,16288,19420,17900,16115,18623,21459,21169,16435,20778,18368,15543,17271,20568,18573,20261,17823,21222,21411,19949,16519,16477,17874,20601,19938,22178,15745,16264,21948,18532,16171,18903,19337,15935,17662,21990,20546,20451,17171,18347,19851,21974,20442,15200,20286,16849,15404,21326,21549,17348,17033,22177,16794,17032,17655,20797,15203,20205,20358,18755,21084,20153,18556,21926,18963,17099,16502,19170,15569,15375,17538,21145,15968,21847,20655,16660,21660,17243,16869,18752,20465,16453,22121,18274,19354,18659,20962,17343,15366,16591,21535,17846,16305,15896,17137,18455,17516,17036,18017,19428,18525,16565,21888,16951,20591,16765,16073,22127,20747,19900,21723,15604,21407,15597,16334,20350,19927,15464,17947,17891,20713,15861,17286,15570,20282,19623,20722,17111,17339,16353,22160,21347,20923,19859,17332,16437,18049,15211,21079,22135,18209,18568,17351,16909,15186,20913,16239,20429,19940,16783,19169,20871,15479,20232,20065,16103,15831,21465,20534,17932,15707,16759,16103, <-> 
 <-> 
 <-> 
 <-> 
 <-> 
 <-> 
 <-> 
22201,22268, <-> 
 <-> 
