 <-> 
 <-> 
 <-> 
 <-> 
 <-> 
 <-> 
13833,11962,14449,11882,11835,12030,18292,11426,24007,11516,11163,26487,25497,11782,5035,11815,11195,11175,18292,11931,11830,10921,6298,10922,12477,30310,13844,10624,18775,1196,13739,10804,17989,12250,11694,6957,13378,14585,13671,13042,18792,11799,14993,10837,14228,19267,12280,17594,11398,19273,13934,21594,22036,13855,13941,11684,15633,19126,18403,24943,10736,12199,19581,25912,30786,25633,24943,11823,10732,14549,12403,18305,22035,18699,12537,11390,25336,13984,17368,5056,14358,14594,13560,15072,25903,19247,10847,14433,11214,13988,15628,13228,19973,11300,20819,12038,19466,12038,18405,20819,12648,11687,11420,13637,32021,6299,12320,22372,26494,12161,18974,12020,13136,12914,25349,1193,12881,15251,14331,222,18301,19318,15048,12122,11133,26486,21636,9749,12898,30760,13756,26011,19967,17987,19123,12368,14067,11599,39,11819, <-> 24007,11163,18292,11931,6298,10921,13934,21594,11684,15633,11812,19126,18403,24943,10736,12199,13487,17368,15072,25903,19247,10847,13988,15628,11721,26494,12363,12914,17987,19123,
12838,11962,13833,14449,5688,11882,11545,11835,11215,12030,15066,18993,19240,18292,11426,11163,24007,11516,26487,25497,11782,11815,12702,11195,11175,11931,18292,11830,10921,6298,10922,12477,30310,12910,13844,10624,18775,11199,13739,1196,10804,14916,17989,12250,11694,6957,13378,14585,13671,12274,18792,11552,11799,14993,10837,11332,14228,19267,64,16385,17594,12280,12193,11398,19273,11684,21594,13934,22036,13855,12014,13941,11684,15633,11812,19126,14795,18403,24943,24676,10736,12199,11148,15014,19581,14754,190,25912,30786,11681,12281,24943,25633,14679,11823,10732,14549,12403,18305,22035,12537,18699,18981,11390,25336,13984,13487,13299,17368,5056,14594,14358,13560,6286,15072,25903,19247,10847,14381,14433,11214,13988,15628,16710,13228,19973,11300,12537,20819,12038,11795,19466,22034,217,12038,18405,20819,14391,12648,11687,11420,773,24022,13637,6299,32021,11904,97,12320,1,22372,11721,26494,12161,18974,12020,24669,12633,13136,12363,12914,25349,13213,13461,1193,12881,32373,15251,14331,222,18301,19318,15048,12122,11133,26486,14634,21636,11474,26489,9749,12898,30760,22792,11374,23247,13756,11850,14153,26011,14077,19967,17987,19123,20398,14600,14821,12368,14067,11599,39,11819,10648, <-> 11962,13833,11962,14449,12030,18993,24007,11163,11163,11516,12702,11195,11175,11931,11931,11830,10922,12477,18775,10624,19267,16385,18403,24943,10736,12199,11148,15014,30786,11681,24943,25633,18305,22035,22035,12537,12537,18699,13299,17368,14594,14358,15072,25903,19247,10847,13988,11214,15628,16710,11300,12537,11687,12648,24022,13637,15251,32373,14331,15251,12368,14067,
 <-> 
 <-> 
 <-> 
 <-> 
 <-> 
 <-> 
 <-> 
 <-> 
 <-> 
 <-> 
 <-> 
 <-> 
 <-> 
 <-> 
12361,15080,17063,12506,11871,12951,26509,18391,18509,11031,14071,18302,27605,11302,15282,11287,11917,21628,14602,14598,12880,12440,25632,11607,30737,18515,19573,10715,12210,14721,13412,11053,13499,25331,15074,12661,23600,14176,11331,12928,6303,18397,13543,13186,14018,14394,11697,13599,11123,9774,19461,12784,21619,14240,13462,12858,10920,13950,992,13736,17992,26633,11118,12294,11349,20403,212,14658,15058,11283,14008,12659,14564,14599,14484,10737,13035,12630,14113,14744,26273,30802,14550,11646,14128,25332,15018,11098,13324,14061,17998,14935,26628,11273,13286,25823,13068,22751,21185,10786,16719,11232,12468,13787,14970,17803,6292,14038,11864,8164,19152,13149,14376,19987,13787,13384,6292,12261,18868,13470,14168,25625,26085,7298,934,11567,15655,12144,12643,16718,234,17084,12448,14154,14492,14045,12059,22813,26082,12053,25738,10768,10984,14082,26014,14857,17595,3348,40,13134,13553,11979,15070,12484,14710,26626,26017,13646,77,24020,12741,14712,12120,14375,18770,18875,25740,25649,14380, <-> 11302,27605,11287,11302,11302,15282,15282,11287,11917,21628,11607,30737,13412,14721,11053,13499,12661,23600,13543,18397,11697,13599,9774,19461,6303,13462,11118,26633,212,14658,30805,14113,26273,30802,11646,14550,11646,14128,11098,13324,12468,13787,6292,14038,13149,14376,18868,12261,13470,18868,25625,14168,26085,7298,14492,14154,40,3348,26626,14710,13646,26017,77,24020,12741,14712,
12361,15080,17063,12506,11871,12951,26509,18391,18509,11031,14071,18302,27605,11302,15282,11287,11917,21628,14602,14598,12880,12440,12818,25632,11607,18515,30737,19573,10715,12210,14721,13412,11053,13499,25331,15074,311,12661,23600,14176,11331,12928,6303,18397,13543,13186,14018,14394,11697,13599,11123,13556,9774,19461,15631,12784,21619,14240,13462,6303,12858,10920,13950,992,13736,17992,26633,11118,12294,20403,212,11349,14658,15058,11283,14008,12659,14564,14599,14484,10737,13035,12630,14113,30805,10796,14744,42,26273,14612,30802,14550,11646,14128,25332,15018,11098,13324,14061,17998,26628,14935,11273,13286,25823,13068,22751,13982,21185,16719,10786,11232,12468,13787,14970,17803,11864,14038,6292,8164,19152,13149,14376,19987,13787,13384,6292,12261,18868,13470,14168,25625,26085,7298,13651,11567,10765,15655,13051,12144,16718,12643,234,13886,24010,17084,12448,14492,14154,14045,12059,22813,26082,12053,25738,33389,10768,19149,14082,10984,26014,14593,17595,14857,3348,40,14162,13134,13553,11979,15070,11152,12484,14710,12183,26626,26017,10682,13646,77,12741,14712,12120,14304,14375,18770,18875,25740,25649,14380, <-> 17063,12506,27605,15282,19573,10715,25331,15074,15074,311,12661,23600,13543,13186,11697,13599,9774,19461,14240,13462,13462,12858,12858,10920,10920,13950,13736,17992,20403,212,14008,12659,14564,14599,42,26273,30802,14550,11098,13324,13324,14061,13286,13068,21185,16719,16719,10786,11864,14038,13149,14376,12643,12144,12448,14492,14492,14154,19149,14082,26014,14593,17595,3348,3348,14162,12484,14710,12183,26626,26017,10682,12741,14712,
 <-> 
 <-> 
 <-> 
 <-> 
 <-> 
 <-> 
30794,15119,18159,11540,12415,12960,11065,14085,14499,11536,10825,13385,4,12601,13606,17067,6275,14808,20384,17609,18876,14523,16408,14483,15279,18500,18175,14164,11554,19580,9386,16023,22371,15008,19291,10770,10857,13079,15235,11902,13204,12769,10622,7660,10696,12980,11977,13677,13476,12712,230,29847,11769,13519,11104,11174,11290,11249,12756,11639,11391,13610,204,18990,12550,25616,13091,13961,11193,17073,13528,11048,14868,26094,18490,26199,18165,12325,14441,26204,1381,12765,14055,14041,10812,30782,14459,1365,14846,12419,14649,12479,24936,7654,11950,13541,12742,5036,7664,14761,11280,25642,13827,11409,11135,15050,14757,19452,25897,12496,15265,10683,14614,26352,772,1015,13668,14925,14750,14697,13348,11701,13996,10944,14618,11049,11849,11005,11770,13513,11938,24002,12135,11707,11531,383,15,13727,10819, <-> 14380,30794,14380,18159,14380,12415,14380,11065,14380,14085,14380,14499,14380,11536,14380,10825,14380,13385,14380,4,14380,12601,14380,13606,14380,17067,14380,6275,14380,14808,14380,20384,14380,17609,14380,18876,14380,16408,14380,14483,14380,15279,14380,18500,14380,18175,14380,14164,14380,11554,14380,19580,14380,9386,14380,16023,14380,22371,14380,15008,14380,19291,14380,10770,14380,10857,14380,15235,14380,11902,14380,13204,14380,12769,14380,10622,14380,7660,14380,10696,14380,11977,14380,13677,14380,13476,14380,12712,14380,230,14380,29847,14380,13519,14380,11104,14380,11290,14380,11249,14380,12756,14380,11639,14380,11391,14380,13610,14380,18990,14380,12550,14380,25616,14380,13091,14380,13961,14380,11193,14380,17073,14380,11048,14380,14868,14380,26094,14380,18490,14380,26199,14380,18165,14380,14441,14380,26204,14380,1381,14380,12765,14380,14055,14380,14041,14380,10812,14380,30782,14380,14459,14380,1365,14380,14846,14380,12419,14380,14649,14380,12479,14380,24936,14380,11950,14380,13541,14380,12742,14380,5036,14380,7664,14380,14761,14380,11280,14380,25642,14380,13827,14380,11409,14380,11135,14380,15050,14380,14757,14380,19452,14380,25897,14380,15265,14380,10683,14380,14614,14380,26352,14380,772,14380,1015,14380,13668,14380,14925,14380,14750,14380,14697,14380,13348,14380,11701,14380,10944,14380,14618,14380,11049,14380,11849,14380,11005,14380,11770,14380,13513,14380,11938,14380,24002,14380,12135,14380,11707,14380,11531,14380,383,14380,15,14380,13727,14380,10819,
11550,30794,11134,4709,18159,11540,12415,12960,15051,11065,13593,14499,15287,10825,4,13385,12601,13606,17067,6275,14808,5069,998,20384,17609,18876,14523,16408,15279,14483,15076,13362,18500,16713,18175,14164,11554,19580,9386,13639,16023,22371,15008,19291,10770,10857,13079,15235,11902,13204,12769,10622,10696,7660,12980,11977,14638,13677,13476,12712,230,13519,29847,11769,11104,11174,11290,11249,12756,14170,11639,13610,11391,204,18990,11965,12550,25616,22024,13091,13961,11193,22,17073,17795,14179,13528,11048,10843,14868,26094,11874,11092,18490,26199,18165,12325,14441,26204,1381,12765,9766,14055,14041,10812,30782,14459,1365,14846,12419,12224,14649,6293,12479,24936,7654,11950,13541,12742,7664,5036,14761,11280,25642,19574,13827,11409,13597,11135,15050,14757,25897,24664,12496,19983,26782,15265,10683,14614,26352,772,1015,13668,14925,14750,14697,13348,11701,13996,10944,14618,11049,18491,14283,12356,14931,11849,11005,12641,11770,14534,17048,13513,11938,24002,12135,928,11707,11531,13464,19456,15,383,14196,13727,10819, <-> 14380,11550,14380,30794,14380,11134,14380,4709,14380,18159,14380,11540,14380,12415,14380,15051,14380,11065,14380,13593,14380,14499,14380,15287,14380,10825,14380,4,14380,12601,14380,13606,14380,17067,14380,14808,14380,5069,14380,998,14380,20384,14380,17609,14380,18876,14380,14523,14380,16408,14380,14483,14380,15076,14380,13362,14380,18500,14380,16713,14380,18175,14380,14164,14380,11554,14380,19580,14380,13639,14380,16023,14380,15008,14380,19291,14380,10770,14380,15235,14380,11902,14380,13204,14380,12769,14380,10622,14380,10696,14380,14638,14380,13677,14380,13476,14380,12712,14380,230,14380,13519,14380,29847,14380,11104,14380,11174,14380,11290,14380,11249,14380,12756,14380,11639,14380,13610,14380,204,14380,18990,14380,11965,14380,12550,14380,25616,14380,22024,14380,13091,14380,13961,14380,11193,14380,22,14380,17073,14380,17795,14380,14179,14380,13528,14380,11048,14380,10843,14380,14868,14380,26094,14380,11874,14380,11092,14380,18490,14380,26199,14380,18165,14380,12325,14380,14441,14380,26204,14380,1381,14380,12765,14380,9766,14380,14055,14380,14041,14380,30782,14380,14459,14380,1365,14380,14846,14380,12419,14380,12224,14380,14649,14380,6293,14380,24936,14380,11950,14380,13541,14380,12742,14380,14761,14380,11280,14380,25642,14380,19574,14380,13827,14380,11409,14380,13597,14380,11135,14380,15050,14380,14757,14380,25897,14380,24664,14380,12496,14380,19983,14380,26782,14380,15265,14380,10683,14380,14614,14380,26352,14380,772,14380,1015,14380,13668,14380,14925,14380,14750,14380,14697,14380,13348,14380,11701,14380,14618,14380,11049,14380,18491,14380,14283,14380,12356,14380,14931,14380,11849,14380,11005,14380,12641,14380,11770,14380,14534,14380,17048,14380,13513,14380,11938,14380,24002,14380,12135,14380,928,14380,11707,14380,11531,14380,13464,14380,19456,14380,15,14380,383,14380,14196,14380,13727,14380,10819,
