 <-> 
 <-> 
 <-> 
 <-> 
 <-> 
 <-> 
27710,28920,25703,28256,27457,28206,25233,24122,24277,26996,25134,25505,25532,26924,26853,27912,26998,25860,24288,27418,25893,28930,28351,28716,26004,23948,28602,26004,22625,24905,25280,23427,24762,23749,22496,27655,24294,26854,26863,25412,26418,24165,26247,26956,27353,26420,23909,22964,25389,24193,23783,22280,27364,29431,25177,23492,29665,24299,29431,28317,25955,22901,28823,26481,24544,22402,23768,27064,29322,27890,27204,22277,26168,24975,24558,24064,27866,22637,28170,25006,27716,26044,24163,28395,24535,27657,29756,29249,26419,26551,27052,28470,25173,26101,28474,29428,29285,27829,28736,27581,28376,28312,23641,24749,26454,28106,23445,23021,25125,25434,29644,25462,24915,26230,23515,25768,28060,28015,29240,26947,25209,25567,26458,23717,26396,27197,27333,25098,29167,27289,23511,29182,29169,28330,27102,23730,27309,23744,23195,22829,29836,29198,28863,22589,22564,29150,24031,23332,22745,25988,23504,24219,28640,26841,25879,26802,28273,28347,29101, <-> 
27710,28920,25703,28256,28206,27457,25233,24122,26996,25134,25532,25505,26924,26853,26998,25860,24288,25893,27418,28930,28716,28351,26004,23948,28602,26004,22625,24905,25280,23427,24762,23749,22496,27655,24294,26854,25412,26418,24165,26247,26956,27353,26420,22964,23909,25389,23783,24193,27364,29431,22280,25177,23492,29665,29431,24299,28317,25955,28823,22901,26481,24544,22402,23768,27064,29322,27890,27204,22277,26168,24975,24558,24064,27866,22637,28170,25006,27716,26044,24163,28395,24535,27657,29249,29756,26419,26551,28470,26101,28474,27829,28736,27581,28376,28312,23641,24749,23021,28106,23445,25434,25125,29644,25462,24915,26230,23515,25768,28060,28015,26947,29240,25209,26458,25567,23717,26396,27197,27333,25098,29167,27289,23511,29182,28330,27102,23730,27309,23744,23195,22829,29836,29198,28863,22589,22564,29150,24031,23332,25988,23504,24219,28640,26841,25879,26802,28273,28347,29101, <-> 
 <-> 
 <-> 
 <-> 
 <-> 
 <-> 
 <-> 
 <-> 
 <-> 
 <-> 
 <-> 
 <-> 
 <-> 
 <-> 
 <-> 
 <-> 
 <-> 
 <-> 
 <-> 
 <-> 
 <-> 
22842, <-> 
 <-> 
 <-> 
 <-> 
