 <-> 
 <-> 
 <-> 
 <-> 
 <-> 
 <-> 
14421,18499,23585,14552,11551,14284,21614,10873,14196,12568,22362,13813,22015,11606,12098,12730,13190,14780,14274,14365,12029,14591,11450,14672,26482,12771,26652,13732,11619,14840,13539,17805,12886,13116,13339,19257,13784,13347,26496,16703,11452,7282,14650,23602,5059,11131,21608,16409,10707,15086,31639,14619,13304,19470,13530,19303,13976,11561,12939,12117,10672,14330,24953,22357,19576,26187,12715,14379,5060,18136,13259,8144,6283,22781,10695,14210,10939,12679,11609,13227,11090,15281,13229,12269,18140,13760,11471,29845,22351,10881,12411,6280,20374,11011,10971,12201,305,14853,14227,14957,13848,20376,10978,25605,11234,13848,10846,8150,22769,11693,12942,10882,14909,14756,15081,13138,14095,8142,13630,11336,12205,11751,11485,13203,14779,25329,25166,10749,14260,11847,19261,13970,13960,13485,13261,17069,15088,31244,10769,7670,14660,12871,11480,13554,13318,11507,12970,12351,11731,25354,12462,19135,13665,1378,14248,18785,19596,4712,13725,15286,10726,24368,1906,11563,29407,13604,11767,14065,1908,13212,14486,13090,12235,576,13090,26018,11093,18306,82,26281,14315,14116,11846,13100,18591,15105,18308,13752,28063,21631,16726,10953,11508,1359,11508,7665,930,12796,12894,12154,13408,27133,7650,17585,11986, <-> 
14421,18499,23585,14552,11551,14284,21614,10873,14196,12568,22362,13813,22015,11606,12098,12730,13190,14780,14274,14365,12029,14591,11450,12771,14672,26652,13732,11619,14840,13539,17805,12886,13116,13339,19257,13784,13347,26496,16703,11452,14650,7282,23602,11131,5059,21608,16409,10707,15086,31639,14619,13304,19470,13530,19303,13976,12939,12117,10672,14330,24953,22357,19576,12715,26187,14379,5060,18136,6283,22781,14210,10939,10695,12679,11609,13227,11090,15281,13229,12269,18140,11471,13760,29845,10881,22351,12411,11011,6280,20374,12201,14853,14227,14957,20376,10978,25605,11234,10846,8150,12942,11693,10882,14909,14756,15081,13138,14095,8142,13630,11336,12205,11485,14779,11751,13203,25329,25166,10749,14260,11847,19261,13970,13960,13485,13261,17069,15088,31244,10769,7670,14660,11480,12871,13554,13318,11507,12970,12351,11731,25354,12462,19135,13665,1378,14248,18785,19596,4712,13725,15286,10726,24368,1906,11563,29407,13604,11767,14065,1908,13212,14486,13090,12235,576,13090,26018,11093,18306,82,14116,11846,13100,18591,15105,18308,13752,28063,21631,16726,10953,11508,1359,11508,7665,930,12796,12894,12154,13408,27133,7650,17585, <-> 
 <-> 
 <-> 
 <-> 
7446, <-> 
 <-> 
 <-> 
13379,775,14939,12660,710,12801,11989,25629,14084,22788,11677,12909,13144,14047,11298,19139,10986,11067,25316,15115,10836,13521,12115,13535,10811,12760,10657,31246,11213,17812,11866,14524,25490,13281,14540,11816,12472,1884,20375,13578,12709,14877,19290,13233,13888,7290,15059,19132,11216,14799,12677,11153,11822,12452,11748,12600,31637,11292,14653,14927,1877,15252,50,12260,26643,33105,25330,14601,13808,201,12312,16019,18177,8010,13625,13020,12136,12023,11030,12545,18795,22028,12095,14134,14570,21199,388,10967,22026,14259,48,19980,7804,26508,17981,18129,10870,26189,11181,32669,7292,11434,11948,8149,11187,13969,13425,14431,11423,14072,11806,14223,11857,13587,31638,92,12635,11631,13780,11297,12632,14118,1013,12975,11034,1017,25483,218,11025,10913,13389,18711,13581,13482,5048,15065,15643,14013, <-> 
13379,14939,12660,710,11989,25629,14084,22788,12909,11677,13144,14047,11298,19139,10986,11067,15115,10836,13521,13535,12115,10811,12760,10657,31246,11213,17812,11866,14524,25490,13281,14540,11816,12472,1884,20375,13578,12709,14877,19290,13233,13888,7290,15059,19132,11216,14799,12677,11153,11822,12452,11748,12600,31637,11292,14653,14927,1877,15252,50,12260,26643,33105,25330,14601,13808,12312,16019,18177,8010,13625,13020,12136,12023,11030,12545,18795,22028,12095,14134,21199,10967,22026,14259,48,19980,7804,26508,17981,18129,10870,26189,11181,32669,7292,11434,11948,8149,11187,13969,13425,14431,11423,14072,11806,14223,11857,13587,31638,92,12635,11631,13780,12632,11297,1013,14118,12975,11034,1017,25483,11025,10913,13389,18711,13581,5048,15065,15643,14013, <-> 
18595, <-> 
18595, <-> 
 <-> 
 <-> 
 <-> 
 <-> 
18392,18511,11538,12174,10855,25904,26646,23250,30790,12109,17970,18806,13010,13001,18777,13781,11358,1387,13386,18386,12393,12001,12815,10795,27137,14542,14229,14856,14813,12365,12064,15061,12217,11984,26778,1025,12840,69,14343,192,13255,17809,12241,12446,12016,12924,18976,28061,12918,17074,11051,10863,14971,14689,14366,11058,26277,12738,28959,15219,17373,12483,25502,17071,13650,11521,6285,12559,18393,15241,14303,17811,7691,12319,11579,11784,14089,26277,17966,13559,13276,21201,15103,221,17363,13655,229,14282,11568,11955,13719,12039,18986,18501,22794,19289,12827,13217,5063,14996,18807,11269,1874,10946,14006,16714,15022,13634,14025,14062,10992,31242,11009,7306,10724,12485,12176,13396,24011,15255,13117,25602,12247,18862,10957,13627,12282,16395,11615,32904,12348,13958,12763,11504,11595,13901,11605,12714,13640,26485,12759,13298,11581,18123,12339,14670,10609,18394,16395,19585,15035,12778,14318,11833,12394,17076,15224,12853,12007,30306,13089,12966,100,14852,14191,13943,13516,18189,18186,13679,15260,14295,14448,12933,11706,11555,21624,14912,12849,13875,19146,18143,13880,14969,13657,8155,13178,15242,16720,12055,12640,11771,13296,8146,13935,12634,1356,15269,11992,20,13608,13868,16006,11359,12673,11997,18577,12068,12935,13846,22770,17051,1399,11431,13820,8161,12864,17589,9734,13822,11388,14423,12027,8145,6282,11259,215,14350,12779, <-> 
18392,11538,12174,10855,25904,26646,23250,30790,12109,17970,18806,13010,13001,18777,13781,11358,1387,13386,18386,12393,12001,12815,10795,27137,14542,14856,14813,12365,12064,12217,11984,26778,1025,12840,69,14343,192,13255,17809,12241,12446,12924,12918,17074,11051,10863,14971,14689,11058,26277,12738,15219,17373,12483,25502,17071,13650,11521,6285,12559,18393,15241,14303,17811,7691,12319,11579,11784,14089,17966,13559,13276,21201,15103,221,13655,17363,229,11568,11955,13719,12039,18986,18501,22794,19289,12827,13217,5063,14996,11269,18807,1874,10946,16714,14006,13634,15022,14062,14025,10992,31242,11009,7306,10724,12485,24011,13396,15255,13117,25602,10957,13627,12282,16395,11615,32904,13958,12348,12763,11504,11595,13901,11605,12714,13640,26485,12759,13298,11581,18123,12339,14670,18394,15035,12778,14318,11833,17076,15224,12853,12007,30306,13089,12966,100,14852,14191,13516,18186,13943,13679,18189,14295,15260,14448,12933,11706,21624,14912,12849,13875,19146,18143,13880,14969,13657,8155,13178,15242,16720,12055,12640,11771,13296,8146,13935,12634,15269,1356,11992,20,13608,16006,11359,12673,11997,18577,12068,12935,13846,22770,17051,1399,11431,13820,8161,17589,9734,12864,11388,13822,14423,12027,8145,6282,215,11259,14350,12779, <-> 
11511, <-> 
 <-> 
 <-> 
33098, <-> 
 <-> 
 <-> 
13923,9733,12689,13494,13649,11035,11487,13854,14320,14175,25160,22361,19457,14371,11973,12453,14743,14705,10620,10617,10969,14076,17065,25609,8167,10901,11260,12658,19314,17358,18980,13279,11339,8167,11142,13109,14000,10923,10888,17994,11324,17357,17814,13594,10681,1901,11256,13955,18419,26518,12191,26666,10850,12185,25340,19134,13305,24666,13013,11597,13881,18181,25341,11115,1902,5054,13300,11120,20813,12683,12291,21184,10652,74,12206,14782,11808,11966,12408,18148,12364,13131,7279,18174,11653,14687,22759,25732,11683,12073,14368,12118,13102,22370,12482,62,27613,7669,25645,12860,12631,10958,18886,19597,12214,14119,12072,14920,10604,643,11385,643,14306,18418,643,20824,14580,11094,29412,7685,10928,13206,10685,14617,19592,18147,13641,12830,13180,10762,17971,13775,15079,13045,13963,14812,14767,7675,12216,14454,12525,23587,706,18794,12745,10972,10738,12726,34,11680,12812,706,14793,13234,14329,18298,18157,13449,11834,18300,12607,11908,16387,13728,13574,11185,11737,12544,10739,10783,13626,13404,29844,26661,11695,10706,18,32372,22360,12903,13533,25615,10773,11015,18283,13675,13064,14037,12518,11884,13365,11855,12743,18182,17077,12345,19975,219,23604,11367,14299,10733,12096,18692,24681,14992,19979,14907,11584,13920,12227,11502,23604,30762,13153,26272,387,238,27140,14277,86,14007,10821,11182,63,1878,19313,25827,11428,13979,13824,26639,18299,32668,11469,13415,12066,30785,11254,25323, <-> 
13923,9733,12689,13494,13649,13854,11035,11487,14320,14175,25160,19457,22361,11973,12453,14743,14705,10620,10617,10969,14076,25609,17065,8167,10901,11260,12658,19314,17358,18980,13279,11339,8167,11142,14000,10923,13109,10888,17994,11324,17357,17814,13594,10681,1901,11256,18419,13955,12191,26666,26518,10850,12185,25340,19134,13305,24666,13013,11597,13881,25341,18181,11115,1902,5054,20813,11120,13300,12683,74,12291,10652,14782,11808,11966,12408,18148,13131,7279,12364,18174,14687,22759,25732,11683,12073,14368,12118,13102,22370,12482,62,27613,7669,25645,12631,10958,18886,12214,14119,12072,11385,14306,18418,14580,20824,29412,11094,10928,10685,19592,14617,18147,13641,12830,13180,10762,17971,13775,15079,13045,13963,14812,14767,7675,12216,14454,12525,23587,18794,12745,706,10972,10738,12726,34,11680,706,12812,14793,13234,14329,18298,18157,13449,11834,12607,18300,11908,16387,13728,13574,11185,11737,12544,10739,10783,13626,13404,29844,26661,11695,10706,18,32372,22360,12903,13533,25615,10773,11015,13675,18283,13064,14037,12518,11884,13365,11855,17077,12345,19975,23604,11367,14299,10733,12096,24681,18692,14992,19979,11584,14907,13920,12227,11502,23604,30762,13153,387,26272,238,27140,86,14007,10821,11182,63,19313,1878,25827,11428,13979,13824,26639,32668,11469,12066,13415,30785,11254, <-> 
