 <-> 
 <-> 
 <-> 
 <-> 
 <-> 
 <-> 
 <-> 
 <-> 
 <-> 
 <-> 
 <-> 
 <-> 
 <-> 
 <-> 
 <-> 
 <-> 
17584, <-> 
17584, <-> 
 <-> 
 <-> 
 <-> 
 <-> 
12787,14264,12786,17969,14816,16018,11329,30778,9771,11749,1377,13447,1376,7659,12959,11655,11747,12370,14510,13993,10665,19974,18512,26511,14911,27131,11068,12836,14568,15055,1384,13823,14029,11377,12346,22812,11937,12123,17586,5057,7690,10941,8009,1020,16008,14574,13570,15101,11914,1396,30798,14731,24679,11276,13772,13922,11530,8143,14404,6273,33396,26656,13267,20814,12251,5052,10691,13947,1362,28960,21610,9778,13908,11183,11699,11762,18597,13999,30807,21620,12713,15645,11366,10934,30304,17792,11946,11340,15009,11274,13474,11942,13390,13271,26786,9777,13311,11831,1361,13721,12720,33262,17584,1897,10794,12532,31243,13689,12883,15253,30304,12906,12486,10735,13061,15215,14382,11024,26636,11970,12114,14741,24940,11022,27132,18507,12554,14418,14428, <-> 12326,14264,1376,7659,19974,10665,10665,19974,14911,26511,26511,14911,11068,27131,12836,11068,12836,14568,13823,15055,15055,1384,11377,12346,17586,12123,12123,17586,1020,16008,13772,11276,11276,13772,6273,14404,11183,13908,11762,18597,30807,13999,30807,21620,12713,15645,11946,17792,17792,11946,11946,11340,13474,11942,26786,13271,13311,9777,1361,13311,17584,13721,17584,1897,31243,10794,11024,26636,24940,12114,14418,14428,
14264,12786,12326,12787,17969,14816,16018,11329,9771,11749,1377,13447,7659,1376,12959,11655,11747,12370,14510,13993,10665,19974,18512,26511,14911,27131,11068,12836,15055,13823,14029,1384,12346,11377,22812,11937,17586,5057,7690,10941,8009,1020,16008,13570,14574,15101,11914,1396,30798,14731,24679,11276,13772,13922,11530,8143,6273,33396,26656,13267,20814,12251,5052,13947,10691,1362,28960,21610,9778,13908,11183,11699,11762,18597,13999,30807,21620,15645,12713,11366,10934,30304,17792,11946,15009,11274,13474,11942,13390,13271,26786,13311,1361,9777,11831,13721,12720,33262,1897,17584,31243,12883,13689,10794,12532,15253,12906,13061,15215,14382,11024,26636,11970,12114,14741,24940,11022,27132,18507,12554,14418,14428, <-> 14264,12786,17969,14816,13447,7659,11747,12370,14510,13993,13993,10665,18512,26511,26511,14911,14911,27131,12346,11377,12346,22812,11937,17586,13570,14574,1396,30798,14731,24679,11276,13772,6273,33396,10691,13947,13947,10691,28960,21610,21610,9778,9778,13908,11183,11699,11762,18597,15645,12713,17792,11946,11274,13474,12720,33262,1897,17584,10735,13061,14382,11024,11024,26636,12114,14741,14741,24940,
11794, <-> 
 <-> 
 <-> 
 <-> 
 <-> 
 <-> 
13306,14832,20410,13049,13841,12284,12717,11645,28070,10775,22767,17611,18416,13842,19251,13720,15127,13905,14559,14708,9768,11576,10867,18168,72,17062,11993,1379,18972,14664,11167,19307,14729,14312,1401,25358,18125,31646,12578,11066,33099,19292,7294,13287,19451,14584,14514,13197,11384,13168,19575,13534,11461,13163,22039,14514,13039,13501,12353,25898,14885,2872,12142,14450,15094,14132,14364,12605,13446,12805,11308,19579,13436,12495,12263,11807,18865,11988,11089,26650,25627,11028,11255,14487,14894,26515,11887,11162,13737,17054,30770,11868,13661,26010,12099,11529,26484,11309,12684,11112,14464,14680,12488,12090,14430,13926,12004,11929,25647,19449,22775,10787,65,13369,11735,7291,11341,7291,14733,19144,24955,12149,13807,19142,70,38,15634,25499,23586,13176,14109,14286,14157,12666,15634,31249,29408,14335,25352,14019,12662,13685,13165,15004,14457,18599,996,33390,7304,17596,13059,18502,17060,30777,11395,14294,14192,14794,11306,13688,14663,11372,1393,13995, <-> 19251,13720,1379,11993,11993,1379,18972,14664,19307,11167,31646,18125,18125,31646,19451,7294,19575,13534,15094,14132,12605,14364,14364,12605,12495,12263,26650,11988,26515,11887,11162,13737,30770,11868,26010,13661,12090,14430,7291,11341,19144,14733,14733,19144,13807,19142,13176,14109,15634,14157,11794,31249,11794,29408,11794,14335,11794,25352,11794,14019,11794,13685,11794,13165,11794,15004,11794,14457,11794,18599,11794,996,11794,33390,11794,7304,11794,17596,11794,13059,11794,18502,11794,11395,11794,14294,11794,14192,11794,14794,11794,11306,11794,13688,11794,11372,11794,1393,11794,13995,
13306,14832,13049,13841,11645,12717,28070,10775,22767,17611,18416,13842,19251,13720,13905,15127,14708,9768,10867,18168,72,17062,11993,1379,18972,11167,19307,14729,14312,1401,25358,31646,18125,12578,11066,33099,19292,19451,7294,13287,14584,14514,13197,11384,13168,19575,13534,11461,13163,22039,14514,13501,12353,25898,14885,14364,12605,12805,12495,12263,11089,11988,26650,11028,11255,14487,14894,11162,13737,13661,26010,12099,11309,12684,11112,14464,14680,12488,12090,13926,12004,11929,25647,19449,22775,65,13369,11735,7291,11341,7291,14733,19144,24955,12149,13807,70,38,15634,25499,23586,14109,13176,14286,12666,15634,14157,31249,29408,14335,25352,14019,12662,13685,13165,15004,14457,18599,996,33390,7304,17596,13059,18502,17060,30777,11395,14294,14192,14794,11306,13688,14663,11372,1393,13995, <-> 12717,11645,11645,12717,12717,28070,19251,13720,13905,15127,14559,14708,11576,10867,11993,1379,11066,33099,33099,19292,19451,7294,14514,13197,19575,13534,13163,22039,13163,14514,14364,12605,18865,11089,13737,11162,17054,13737,25647,19449,11341,7291,14733,19144,14109,13176,12666,14157,11794,31249,11794,29408,11794,14335,11794,25352,11794,14019,11794,12662,11794,13165,11794,15004,11794,14457,11794,18599,11794,996,11794,33390,11794,7304,11794,17596,11794,13059,11794,18502,11794,17060,11794,30777,11794,11395,11794,14294,11794,14192,11794,14794,11794,11306,11794,13688,11794,14663,11794,11372,11794,1393,11794,13995,
