15060, <-> 11794,15060,
 <-> 
 <-> 
15060, <-> 11794,15060,
 <-> 
 <-> 
13471,20825,13171,12708,17608,14001,12024,1890,14839,16721,19565,13814,12024,10757,12314,11547,5038,13706,11044,10607,11244,10954,10660,25729,2873,11400,12329,12137,11443,12140,11050,22762,14202,12810,13702,12067,12137,10656,13199,11829,13666,18810,13891,14213,11229,19276,9756,13057,12112,12664,25749,11594,16,15261,7686,15060,24932,14817,13680,22807,11109,23592,14385,13360,1386,10872,21,13764,15099,18135,15233,14052,11007,14682,10803,16016,13801,25318,14984,11448,12874,1403,14581,12457,5062,14778,16379,11621,14406,11473,22012, <-> 11794,13471,11794,20825,11794,13171,11794,12708,11794,17608,11794,14001,11794,12024,11794,1890,11794,14839,11794,16721,11794,12024,11794,10757,11794,12314,11794,11547,11794,5038,11794,10607,11794,11244,11794,10954,11794,10660,11794,25729,11794,11400,11794,12329,11794,11443,11794,12140,11794,14202,11794,12810,11794,13702,11794,10656,11794,11829,11794,13666,11794,13891,11794,14213,11794,11229,11794,19276,11794,9756,11794,13057,11794,12112,11794,11594,11794,16,11794,15261,11794,7686,11794,15060,11794,24932,11794,14817,11794,13680,11794,22807,11794,11109,11794,23592,11794,14385,11794,1386,11794,21,11794,13764,11794,15099,11794,18135,11794,15233,11794,11007,11794,14682,11794,10803,11794,16016,11794,13801,11794,25318,11794,14984,11794,1403,11794,14581,11794,12457,11794,5062,11794,14778,11794,16379,11794,11621,11794,14406,11794,11473,11794,22012,
13471,20825,13171,12708,17608,14001,12024,1890,19565,16721,13814,12024,10757,12314,11547,5038,13706,11044,10607,11244,10954,11400,25729,2873,12329,12137,11443,12140,11050,14202,12810,13702,12067,12137,10656,13199,11829,13666,18810,13891,14213,11229,19276,9756,13057,25749,12112,12664,11594,16,15261,7686,15060,24932,13680,22807,11109,23592,14385,1386,10872,21,13764,15099,18135,15233,14052,11007,14682,10803,16016,13801,25318,14984,12874,1403,12457,5062,14778,16379,11621,14406,11473,22012, <-> 11794,13471,11794,20825,11794,13171,11794,12708,11794,17608,11794,14001,11794,12024,11794,1890,11794,19565,11794,13814,11794,12024,11794,10757,11794,12314,11794,11547,11794,5038,11794,13706,11794,11044,11794,10607,11794,11244,11794,10954,11794,11400,11794,12329,11794,12137,11794,11443,11794,12140,11794,11050,11794,14202,11794,12810,11794,13702,11794,10656,11794,13199,11794,11829,11794,13666,11794,18810,11794,13891,11794,14213,11794,11229,11794,19276,11794,9756,11794,13057,11794,11594,11794,16,11794,7686,11794,15060,11794,24932,11794,13680,11794,22807,11794,11109,11794,23592,11794,14385,11794,1386,11794,10872,11794,21,11794,13764,11794,15099,11794,18135,11794,15233,11794,11007,11794,14682,11794,10803,11794,16016,11794,13801,11794,25318,11794,14984,11794,12874,11794,1403,11794,12457,11794,5062,11794,14778,11794,16379,11794,11621,11794,14406,11794,11473,11794,22012,
 <-> 
 <-> 
 <-> 
 <-> 
 <-> 
 <-> 
11824,17599,13174,16391,13697,14348,14835,12994,20799,18894,19140,13816,26357,25359,13497,31250,11285,9742,28948,25828,11279,18869,14352,11361,14727,1900,26198,12493,13897,26188,29843,19589,30801,28949,19450,11598,26191,19128,14753,14544,6277,13751,24370,12526,25622,12006,13879,14890,14141,13726,14323,10891,7296,9385,12674,12474,21187,1385,33392,11191,11925,14847,11537,14863,16011,14246,12300,11433,17361,13836,11403,11127,14496,13472,11350,23244,10701,14790,13254,26490,29,12652,13065,13511,15273,11224,13692,10721,18969,18883,24930,1367,30771,13188,25325,13008,14949,14178,11611,12887,20397,26190,12848,13361,11919,25159,11307,12807,13377,14387,11381,12505,13132,11203, <-> 11794,11824,11794,17599,11794,13174,11794,16391,11794,13697,11794,14348,11794,14835,11794,12994,11794,18894,11794,19140,11794,13816,11794,26357,11794,25359,11794,13497,11794,31250,11794,11285,11794,9742,11794,28948,11794,25828,11794,11279,11794,18869,11794,14727,11794,1900,11794,13897,11794,26188,11794,19589,11794,30801,11794,28949,11794,19450,11794,11598,11794,19128,11794,6277,11794,13751,11794,12526,11794,25622,11794,12006,11794,13879,11794,14890,11794,14141,11794,13726,11794,14323,11794,10891,11794,7296,11794,9385,11794,12674,11794,12474,11794,1385,11794,33392,11794,11191,11794,14847,11794,11537,11794,14863,11794,16011,11794,14246,11794,12300,11794,11433,11794,13836,11794,11403,11794,11127,11794,11350,11794,23244,11794,10701,11794,14790,11794,13254,11794,26490,11794,13692,11794,10721,11794,18969,11794,18883,11794,24930,11794,1367,11794,13188,11794,25325,11794,14178,11794,12887,11794,20397,11794,26190,11794,12848,11794,13361,11794,11919,11794,25159,11794,11307,11794,13377,11794,11203,
11824,17599,13174,16391,13697,14348,14835,12994,20799,18894,19140,13816,26357,25359,13497,31250,11285,9742,28948,25828,11279,18869,14352,11361,14727,1900,26198,12493,13897,26188,29843,19589,30801,28949,19450,11598,26191,19128,14753,14544,6277,13751,24370,12526,25622,12006,13879,14890,14141,13726,14323,10891,7296,9385,12674,12474,21187,1385,33392,11191,14847,11537,14863,16011,14246,12300,11433,17361,13836,11403,11127,14496,13472,11350,23244,10701,14790,13254,26490,29,12652,13065,13511,11224,15273,13692,10721,18969,18883,24930,1367,30771,13188,25325,13008,14949,14178,11611,12887,20397,26190,12848,13361,11919,25159,11307,12807,13377,14387,11381,12505,13132,11203,14695, <-> 11794,11824,11794,17599,11794,13174,11794,16391,11794,13697,11794,14348,11794,14835,11794,12994,11794,19140,11794,13816,11794,26357,11794,25359,11794,13497,11794,31250,11794,11285,11794,9742,11794,25828,11794,11279,11794,18869,11794,14352,11794,14727,11794,26198,11794,26188,11794,29843,11794,19589,11794,30801,11794,19450,11794,11598,11794,26191,11794,19128,11794,14753,11794,6277,11794,13751,11794,12526,11794,25622,11794,14141,11794,13726,11794,14323,11794,10891,11794,7296,11794,9385,11794,12674,11794,12474,11794,1385,11794,33392,11794,11191,11794,14847,11794,11537,11794,14863,11794,14246,11794,12300,11794,11403,11794,14496,11794,11350,11794,23244,11794,10701,11794,14790,11794,13254,11794,26490,11794,29,11794,13065,11794,13692,11794,10721,11794,18969,11794,18883,11794,24930,11794,25325,11794,13008,11794,14178,11794,12887,11794,20397,11794,12848,11794,13361,11794,25159,11794,11307,11794,12807,11794,13377,11794,11203,11794,14695,
 <-> 
 <-> 
 <-> 
 <-> 
 <-> 
 <-> 
14695,579,12226,14011,11266,13372,101,13371,10767,11088,14820,5066,16377,17362,11990,10942,25600,11088,12244,11020,11088,28946,25608,11257,9762,25599,312,11968,11246,11161,30312,12321,11924,18805,26019,12289,11788,14106,12618,12037,30776,13700,17603,26659,28,2393,13546,14017,6802,1366,6291,13684,11633,18589,13002,24003,13967,14257,13874,12976,19566,11368,14336,11023,18120,12447,11373,30309,10800,13343,14091,1368,11196,12249,25327,21186,13786,1016,12186,11143,25750,12491,23603,12209,30768,13759,12949,10951,11716,14494,12610,11958,14556,14417,30808,25648,13632,6290,13975,18002,15068,16731,12305,13686,14440,32908,12678,14958,14725,1364,11878,12798,13821,20386,6593,23601,11513,21607,22766,5984,11963,14142,14932,1021,11620,14674,14234,15024,21593,32670,11891,11411,26015,21612,14066,14802,11923,13919,17787,16034,12248,20388,12190,14880,11657,12081,14548,11467,17093,14893,461,11457,88,308,26781,19577,15028,26662,25351,12003,11836,13323,12850,24942,14955,17090,16034,10704,11971,11200,12651,13237,13274,12313,15005,13478,6309,15238,71,14388,16732,10711,12622,22008,16730,11666,28956,10611,24375,12155,10823,10780,19969,13376,21622,15110,12061,12262,15216,12046,17804,10964,24680,10777,14657,11964,14373,7447,11414, <-> 11794,14695,11794,579,11794,12226,11794,11266,11794,13372,11794,101,11794,13371,11794,10767,11794,11088,11794,14820,11794,5066,11794,16377,11794,17362,11794,11990,11794,25600,11794,11088,11794,12244,11794,11088,11794,28946,11794,25608,11794,11257,11794,9762,11794,25599,11794,312,11794,11968,11794,11161,11794,30312,11794,12321,11794,11924,11794,18805,11794,26019,11794,12289,11794,11788,11794,14106,11794,12618,11794,12037,11794,30776,11794,13700,11794,17603,11794,26659,11794,28,11794,2393,11794,13546,11794,14017,11794,6802,11794,1366,11794,6291,11794,13684,11794,11633,11794,13002,11794,24003,11794,13967,11794,14257,11794,13874,11794,12976,11794,19566,11794,11368,11794,14336,11794,11023,11794,18120,11794,12447,11794,11373,11794,30309,11794,10800,11794,13343,11794,14091,11794,1368,11794,11196,11794,12249,11794,25327,11794,21186,11794,13786,11794,1016,11794,12186,11794,11143,11794,25750,11794,12491,11794,12209,11794,13759,11794,12949,11794,11716,11794,14494,11794,12610,11794,11958,11794,14556,11794,14417,11794,30808,11794,25648,11794,13632,11794,6290,11794,13975,11794,18002,11794,15068,11794,16731,11794,12305,11794,13686,11794,14440,11794,32908,11794,12678,11794,14958,11794,1364,11794,11878,11794,13821,11794,6593,11794,11513,11794,21607,11794,22766,11794,14142,11794,14932,11794,1021,11794,11620,11794,14674,11794,14234,11794,15024,11794,21593,11794,32670,11794,11891,11794,11411,11794,26015,11794,21612,11794,14066,11794,14802,11794,11923,11794,13919,11794,17787,11794,16034,11794,20388,11794,12190,11794,11657,11794,12081,11794,14548,11794,11467,11794,461,11794,11457,11794,88,11794,308,11794,19577,11794,15028,11794,26662,11794,25351,11794,12003,11794,11836,11794,24942,11794,14955,11794,17090,11794,16034,
 <-> 
13044, <-> 
 <-> 
 <-> 
 <-> 
 <-> 
 <-> 
 <-> 
 <-> 
