 <-> 
 <-> 
 <-> 
 <-> 
 <-> 
 <-> 
8768,5112,9714,7549,5832,7464,4908,7886,5761,7021,5166,8192,9600,4660,9321,7210,9502,5249,4736,9205,5761,7788,6046,6132,9000,10523,6390,8265,8178,8708,9928,6009,7832,6157,8005,8227,6007,5501,4934,5591,5121,10061,8375,5807,6272,5728,4674,10151,8314,4642,9656,7371,9703,8479,6158,5422,10594,8241,9474,9958,4814,10199,7215,7760,9043,9468,5783,7175,7841,6874,7471,9840,5504,6411,6583,9589,9354,7736,7092,8470,7326,6855,5987,10224,5729,6525,9349,6888,6888,6165,7187,6749,8494,10296,6475,9821,9224,8614,6948,9258,8747,7168,6909,7460,6548,9905, <-> 
8768,5112,9714,7549,5832,7464,4908,7886,5761,7021,5166,8192,9600,4660,9321,7210,9502,4736,5249,9205,5761,7788,6046,9000,10523,6132,6390,8265,8178,8708,9928,6009,6157,8005,8227,6007,5501,4934,5591,8375,5121,10061,5807,5728,4674,10151,8314,4642,9656,7371,9703,8479,6158,5422,10594,8241,9474,9958,10199,4814,7215,7760,9043,9468,5783,7175,7841,6874,7471,5504,6411,6583,9589,9354,7736,7092,8470,7326,6855,5987,10224,6525,9349,6165,7187,6749,8494,10296,6475,9821,9224,8614,9258,6948,8747,7168,6909,7460,6548,9905, <-> 
 <-> 
 <-> 
5878, <-> 
5878, <-> 
 <-> 
 <-> 
6370,5491,5127,6495,10493,5716,5516,4836,4866,8934,10283,5562,5429,6777,10159,6778,5449,7473,4721,9014,9192,8026,6149,9841,9828,6575,6661,9853,5418,10135,7133,7459,7174,8404,4883,6786,8384,5147,9206,8385,6797,9290,5217,4965,8963,7233,8941,5727,6917,8693,5446,7105,5298,8619,5733,6821,7382,6680,4688,10220,9144,8358,7353,9508,7351,7837,5432,7748,9881,6523,4923,5087,10223,8440,7265,9393,7550,9640,9617,6095,6261,5373,8391,9560,9098,6128,6258,9312,6603,5975,7409,6454,5639,9918, <-> 
6370,5491,5127,6495,10493,5716,5516,4836,4866,10283,5562,6777,10159,6778,5449,7473,4721,9014,9192,8026,6149,9841,9828,6661,9853,5418,10135,7133,7459,7174,8404,4883,6786,8384,5147,9206,8385,6797,9290,4965,5217,8963,7233,8941,5727,6917,8693,5446,5298,8619,5733,6821,7382,6680,4688,10220,9144,8358,7353,9508,7351,7837,5432,7748,9881,6523,4923,5087,10223,8440,7265,9393,7550,9640,9617,6095,6261,8391,5373,9560,9098,6128,6258,9312,6603,5975,7409,6454,5639,9918,9305, <-> 
5098, <-> 
 <-> 
 <-> 
 <-> 
 <-> 
 <-> 
 <-> 
5622, <-> 
 <-> 
 <-> 
 <-> 
 <-> 
 <-> 
 <-> 
 <-> 
 <-> 
