 <-> 
 <-> 
 <-> 
 <-> 
 <-> 
 <-> 
9655,10080,5850,7812,9027,4748,10548,10483,9046,7177,4890,8076,7074,5397,6253,9073,9166,8084,6735,8180,6729,7577,6221,6827,8513,8287,8742,8880,9730,6096,8523,6895,8611,7378,6744,5140,8674,10409,6201,7117,9794,7381,5174,6761,7989,9466,5293,6075,8987,7263,7500,9187,9719,5410,7605,5293,7422,7266,9530,8115,4747,9143,9718,10371,8040,6059,8551,8328,7079,7830,9491,9217,10359,5129,8630,9060,9561,6077,10241,10443,5618,7755,6087,6130,8318,5606,5281,6087,7582,9239,4664,6453,10152,6915,6187,6830,7753,8239,6971,5459,5015,10046,7625,6187,6506,6607,5626,5507,6569,10191,5731,10550,9379,5875,5502,8201,6869,5451,6357,10086,5096,10162,6001,8757,9956,10506,7969,9929,8703,10520,7410,10504,4872,7396,5904,8368,4872,8789,6881,9930,10069,6016,10484,7463,6967,6342,7823,7967,8229,7953,8297,7122,7706,9550,10480,8246,7982,8975,6166,9103,8824,7601,8023,9116, <-> 
7083,9655,10080,5850,7812,9027,4748,10548,10483,9046,7177,4890,5397,7074,6253,9073,9166,8084,6735,8180,6729,7577,6221,6827,8513,8287,8742,8880,9730,6096,8523,6895,8611,5140,7378,6744,8674,10409,6201,7117,9794,7381,6761,7989,9466,5293,6075,8987,7263,7500,9187,9719,5410,7605,5293,7266,7422,9530,8115,9143,4747,4747,9718,10371,10371,8040,6059,8551,8328,7079,7830,9217,10359,8630,5129,9060,9561,6077,10443,10241,5618,7755,6087,6130,8318,5606,6087,5281,7582,9239,4664,6453,10152,6915,6187,6830,7753,8239,6971,5459,5015,10046,6187,6506,6607,5626,6569,5507,10191,10550,5731,9379,5875,5502,8201,6869,5451,6357,10086,5096,10162,6001,8757,10506,7969,9929,10520,7410,10504,4872,7396,5904,4872,8368,8789,6881,9930,10069,6016,10484,7463,6967,6342,7823,7967,8229,7953,8297,7122,9550,10480,7982,8975,8824,7601,8023, <-> 
5811, <-> 
 <-> 
 <-> 
5811, <-> 
 <-> 
5811, <-> 
10434,7526,8376,5719,6873,7972,9487,6416,6032,6670,5794,7149,8467,10180,8443,8496,4624,10524,6755,5937,6984,10560,5528,6412,8819,8247,7801,10148,6039,5756,5636,10286,5332,6356,5816,7839,5093,7697,7348,5438,6664,6632,6832,4989,5799,5323,4652,5375,10109,8306,7951,8744,4898,8902,9931,8245,10406,8629,4967,8696,7186,8349,5309,6650,8547,4770,4777,8727,8654,10489,10118,7872,4760,6141,7505,7041,7469,7236,8339,8197,4878,9186,5419,5506,5513,6434,8286,9539,5274,8861,4737,7640,6013,5829,8105,7784,6135, <-> 
10434,7526,8376,5719,6873,7972,6416,6032,6670,5794,7149,8467,10180,8443,8496,4624,10524,6755,5937,6984,10560,5528,8819,8247,7801,10148,6039,5756,5636,10286,5332,6356,5816,7839,7697,7348,5438,6664,6632,6832,4989,5799,5323,4652,10109,8306,7951,8744,4898,9931,8245,10406,8629,4967,8696,7186,5309,6650,8547,4770,8727,8654,10489,10118,7872,6141,7505,7236,8197,4878,5419,5506,5513,6434,9539,5274,8861,4737,7640,6013,5829,8105,7784,6135,10047, <-> 
 <-> 
 <-> 
 <-> 
10433, <-> 
 <-> 
 <-> 
 <-> 
 <-> 
8456, <-> 
 <-> 
 <-> 
8456, <-> 
 <-> 
 <-> 
6052,7507,10006,5885,7580,10587,8456,8456,9677,9505,8397,8631,7586,8456,8456,8456,6022,8817,9497,9873,9970,6641,6573,5186,4856,6220,5194,8367,10172,9860,6382,6406,8185,8185,7518,4625,10551,9577,6401,6871,7250,8420,10038,9211,7352,9197,8575,7897,7120,7454,9819,8537,8430,10210,10562,7746,7227,7227,9699,5303,4740,6672,6183,9179,5953,9938,9813,5740,5623,5505,9358,10555,5279,5016,9813,5136,6339,6645,8268,8584,10598,5467,10447,9101,10308,10247,8118,8081,6424,7412,8352,5949,6953,8359,9297,5945,7259,5856,5739,5874,6808,7020,7097,6882,8516,8093,7983,6978,6161,7022,9327,8382,7230,8072,6043,8607,8644,8424,6485,9603,6668,7365,5334,9327,9040,8673,5273,5741,6179,9464,8299,4716,8704,9517,7037,6018,5753,7229,9372,7728,9541,7903,9586, <-> 
6052,7507,10006,5885,7580,10587,8456,8456,9677,9505,8631,6022,8817,9497,9873,9970,6641,6573,5186,4856,5194,6220,8367,10172,6406,6382,9860,7518,10551,4625,9577,6401,6871,7250,8420,9211,9197,8575,7897,7120,7454,9819,8537,8430,10210,10562,7746,7227,5303,4740,6183,6672,9179,5953,9938,9813,5740,5623,5505,9358,10555,5279,5016,9813,5136,6339,8268,8584,10447,9101,10247,8081,6424,7412,8352,5949,6953,8359,9297,5945,7259,5856,5739,5874,6808,7020,7097,6882,8516,8093,7983,6161,6978,9327,7022,8382,7230,8072,6043,8607,8644,8424,6485,9603,6668,7365,5334,9327,9040,8673,5273,5741,6179,9464,8299,4716,8704,9517,7037,6018,5753,7229,9372,7728,9541,7903,9586, <-> 
